code	trading_date	basic_price	ceiling_price	floor_price	open_price	highest_price	lowest_price	average_price	close_price	nm_total_traded_qtty	nm_total_traded_value
AAA	2016-04-21T00:00:00+07:00	18200	20000	16400	18300	18600	18100		18400	976010	17930741700
ACB	2016-04-21T00:00:00+07:00	17700	19400	16000	17700	17700	17500		17700	76583	1348083800
ACM	2016-04-21T00:00:00+07:00	4100	4500	3700	4100	4300	4000		4300	265220	1112202000
ADC	2016-04-21T00:00:00+07:00	21500	23600	19400	19500	23500	19400		23500	1400	27690000
ALT	2016-04-21T00:00:00+07:00	13000	14300	11700	0	0	0		13000	0	0
ALV	2016-04-21T00:00:00+07:00	4200	4600	3800	4100	4200	4100		4200	5200	21630000
AMC	2016-04-21T00:00:00+07:00	31000	34100	27900	31000	31000	31000		31000	1000	31000000
AME	2016-04-21T00:00:00+07:00	4100	4500	3700	4100	4100	4100		4100	200	820000
AMV	2016-04-21T00:00:00+07:00	3900	4200	3600	3900	3900	3900		3900	1000	3900000
APG	2016-04-21T00:00:00+07:00	5900	6400	5400	5800	5800	5700		5800	247600	1411480000
API	2016-04-21T00:00:00+07:00	9300	10200	8400	9200	9400	9200		9400	125400	1156280000
APP	2016-04-21T00:00:00+07:00	10600	11600	9600	10600	10600	10600		10600	3200	33920000
APS	2016-04-21T00:00:00+07:00	2800	3000	2600	2800	2800	2700		2800	86400	241870000
ARM	2016-04-21T00:00:00+07:00	33000	36300	29700	0	0	0		33000	0	0
ASA	2016-04-21T00:00:00+07:00	3000	3300	2700	2900	3000	2900		3000	27000	78500000
ATS	2016-04-21T00:00:00+07:00	15200	16700	13700	14500	14600	14500		14600	10100	146460000
B82	2016-04-21T00:00:00+07:00	5600	6100	5100	0	0	0		5600	0	0
BAM	2016-04-21T00:00:00+07:00	2000	2200	1800	0	0	0		2000	0	0
BBS	2016-04-21T00:00:00+07:00	15400	16900	13900	14500	14500	14500		14500	200	2900000
BCC	2016-04-21T00:00:00+07:00	13900	15200	12600	14100	14200	13900		14000	233220	3262980000
BDB	2016-04-21T00:00:00+07:00	4900	5300	4500	0	0	0		4900	0	0
BED	2016-04-21T00:00:00+07:00	34100	37500	30700	0	0	0		34100	0	0
BHT	2016-04-21T00:00:00+07:00	4000	4400	3600	0	0	0		4000	0	0
BII	2016-04-21T00:00:00+07:00	13100	14400	11800	13000	13800	13000		13800	680300	9019120000
BKC	2016-04-21T00:00:00+07:00	12500	13700	11300	0	0	0		12500	0	0
BLF	2016-04-21T00:00:00+07:00	4200	4600	3800	4200	4300	3900		4100	7000	28540000
BPC	2016-04-21T00:00:00+07:00	13500	14800	12200	13500	13600	13500		13500	14500	196710000
BSC	2016-04-21T00:00:00+07:00	21700	23800	19600	0	0	0		21700	0	0
BST	2016-04-21T00:00:00+07:00	12000	13200	10800	0	0	0		12000	0	0
BTS	2016-04-21T00:00:00+07:00	8200	9000	7400	8200	8600	8200		8600	1910	16034000
BVS	2016-04-21T00:00:00+07:00	13100	14400	11800	13200	13300	13000		13300	157000	2066780000
BXH	2016-04-21T00:00:00+07:00	17600	19300	15900	0	0	0		17600	0	0
C92	2016-04-21T00:00:00+07:00	30000	33000	27000	0	0	0		30000	0	0
CAN	2016-04-21T00:00:00+07:00	27700	30400	25000	0	0	0		27700	0	0
CAP	2016-04-21T00:00:00+07:00	58100	63900	52300	59500	61500	59500		60000	32510	1967980000
CCM	2016-04-21T00:00:00+07:00	17800	19500	16100	0	0	0		17800	0	0
CEO	2016-04-21T00:00:00+07:00	10700	11700	9700	10700	11600	10700		11400	424327	4749982600
CHP	2016-04-21T00:00:00+07:00	20500	22500	18500	20500	20500	20000		20100	66900	1343640000
CID	2016-04-21T00:00:00+07:00	3400	3700	3100	3100	3100	3100		3100	500	1550000
CJC	2016-04-21T00:00:00+07:00	33700	37000	30400	0	0	0		33700	0	0
CKV	2016-04-21T00:00:00+07:00	17600	19300	15900	0	0	0		17600	0	0
CLM	2016-04-21T00:00:00+07:00	11200	12300	10100	12300	12300	12300		12300	100	1230000
CMC	2016-04-21T00:00:00+07:00	4400	4800	4000	0	0	0		4400	0	0
CMI	2016-04-21T00:00:00+07:00	9200	10100	8300	9000	9200	8500		8800	80900	704550000
CMS	2016-04-21T00:00:00+07:00	8000	8800	7200	8000	8100	7800		8100	105200	829140000
CPC	2016-04-21T00:00:00+07:00	22600	24800	20400	0	0	0		22600	0	0
CSC	2016-04-21T00:00:00+07:00	14000	15400	12600	0	0	0		14000	0	0
CT6	2016-04-21T00:00:00+07:00	9000	9900	8100	0	0	0		9000	0	0
CTA	2016-04-21T00:00:00+07:00	4100	4500	3700	3700	4100	3700		4100	29000	109590000
CTB	2016-04-21T00:00:00+07:00	30500	33500	27500	0	0	0		30500	0	0
CTC	2016-04-21T00:00:00+07:00	7700	8400	7000	8100	8400	8100		8400	900	7530000
CTN	2016-04-21T00:00:00+07:00	2300	2500	2100	0	0	0		2300	0	0
CTS	2016-04-21T00:00:00+07:00	6900	7500	6300	7000	7100	7000		7100	428800	3030880000
CTT	2016-04-21T00:00:00+07:00	6700	7300	6100	0	0	0		6700	0	0
CTX	2016-04-21T00:00:00+07:00	19600	21500	17700	20000	20000	18500		18500	12200	229050000
CVN	2016-04-21T00:00:00+07:00	2200	2400	2000	2100	2200	2100		2200	900	1900000
CVT	2016-04-21T00:00:00+07:00	23400	25700	21100	23500	24500	23500		24100	593702	14334998000
CX8	2016-04-21T00:00:00+07:00	9200	10100	8300	9200	9200	8800		8800	200	1800000
D11	2016-04-21T00:00:00+07:00	9700	10600	8800	0	0	0		9700	0	0
DAD	2016-04-21T00:00:00+07:00	16400	18000	14800	17400	17400	17400		17400	100	1740000
DAE	2016-04-21T00:00:00+07:00	15700	17200	14200	15700	15700	15700		15700	100	1570000
DBC	2016-04-21T00:00:00+07:00	29200	32100	26300	29400	29400	29200		29300	68091	1998184400
DBT	2016-04-21T00:00:00+07:00	18000	19800	16200	17600	18000	17200		17200	25416	441393800
DC2	2016-04-21T00:00:00+07:00	4400	4800	4000	0	0	0		4400	0	0
DC4	2016-04-21T00:00:00+07:00	6500	7100	5900	7100	7100	7100		7100	100	710000
DCS	2016-04-21T00:00:00+07:00	3200	3500	2900	3200	3200	3100		3200	105795	338314500
DGC	2016-04-21T00:00:00+07:00	46000	50600	41400	46000	47500	46000		46600	39120	1821950000
DGL	2016-04-21T00:00:00+07:00	45000	49500	40500	45500	46200	45100		46100	10529	483793800
DHP	2016-04-21T00:00:00+07:00	12600	13800	11400	12700	12900	12500		12500	76800	970230000
DHT	2016-04-21T00:00:00+07:00	41900	46000	37800	41300	43700	41300		43700	2100	88000000
DID	2016-04-21T00:00:00+07:00	4800	5200	4400	0	0	0		4800	0	0
DIH	2016-04-21T00:00:00+07:00	11000	12100	9900	11000	11000	10400		11000	10600	111940000
DL1	2016-04-21T00:00:00+07:00	10100	11100	9100	9800	9900	9600		9900	40100	391210000
DLR	2016-04-21T00:00:00+07:00	6000	6600	5400	0	0	0		6000	0	0
DNC	2016-04-21T00:00:00+07:00	20900	22900	18900	0	0	0		20900	0	0
DNM	2016-04-21T00:00:00+07:00	35000	38500	31500	32000	32000	32000		32000	550	17575000
DNP	2016-04-21T00:00:00+07:00	35900	39400	32400	36800	39400	36500		39400	82428	3117737000
DNY	2016-04-21T00:00:00+07:00	8400	9200	7600	8400	9100	7600		7600	62310	495486000
DP3	2016-04-21T00:00:00+07:00	20000	22000	18000	21500	21500	21500		21500	100	2150000
DPC	2016-04-21T00:00:00+07:00	36000	39600	32400	0	0	0		36000	0	0
DPS	2016-04-21T00:00:00+07:00	6800	7400	6200	6900	7200	6600		6600	248200	1694930000
DST	2016-04-21T00:00:00+07:00	40200	44200	36200	40900	40900	39200		40400	296200	11951380000
DXP	2016-04-21T00:00:00+07:00	62000	68200	55800	62100	63900	62100		62800	4500	282040000
DZM	2016-04-21T00:00:00+07:00	6000	6600	5400	5400	5400	5400		5400	200	1080000
E1SSHN30	2016-04-21T00:00:00+07:00	10000	11000	9000	0	0	0		10000	0	0
EBS	2016-04-21T00:00:00+07:00	9000	9900	8100	8300	8600	8300		8500	4800	40840000
ECI	2016-04-21T00:00:00+07:00	12900	14100	11700	0	0	0		12900	0	0
EFI	2016-04-21T00:00:00+07:00	8100	8900	7300	0	0	0		8100	0	0
EID	2016-04-21T00:00:00+07:00	13300	14600	12000	13300	13300	13300		13300	300	3990000
FDT	2016-04-21T00:00:00+07:00	35000	38500	31500	35000	35000	35000		35000	3000	105000000
FID	2016-04-21T00:00:00+07:00	12000	13200	10800	12000	12300	11900		12300	360500	4348810000
G20	2016-04-21T00:00:00+07:00	8000	8800	7200	8000	8000	7700		8000	4100	32110000
GLT	2016-04-21T00:00:00+07:00	28700	31500	25900	28800	29300	28800		29300	300	8700000
GMX	2016-04-21T00:00:00+07:00	20000	22000	18000	21000	21000	21000		21000	1000	21000000
HAD	2016-04-21T00:00:00+07:00	45700	50200	41200	0	0	0		45700	0	0
HAT	2016-04-21T00:00:00+07:00	56700	62300	51100	51100	51500	51100		51100	1600	81840000
HBE	2016-04-21T00:00:00+07:00	5400	5900	4900	4900	4900	4900		4900	100	490000
HBS	2016-04-21T00:00:00+07:00	3600	3900	3300	0	0	0		3600	0	0
HCC	2016-04-21T00:00:00+07:00	27400	30100	24700	27500	29400	27400		29200	29500	838870000
HCT	2016-04-21T00:00:00+07:00	10400	11400	9400	0	0	0		10400	0	0
HDA	2016-04-21T00:00:00+07:00	14800	16200	13400	14700	15300	14500		15100	255820	3779628000
HDO	2016-04-21T00:00:00+07:00	3000	3300	2700	3000	3300	3000		3300	29800	93210000
HEV	2016-04-21T00:00:00+07:00	11800	12900	10700	0	0	0		11800	0	0
HGM	2016-04-21T00:00:00+07:00	35000	38500	31500	0	0	0		35000	0	0
HHC	2016-04-21T00:00:00+07:00	28900	31700	26100	28300	28800	28300		28800	3667	103806000
HHG	2016-04-21T00:00:00+07:00	8100	8900	7300	8200	8200	7800		8000	83537	663318600
HJS	2016-04-21T00:00:00+07:00	16000	17600	14400	16500	16500	16500		16500	100	1650000
HKB	2016-04-21T00:00:00+07:00	21800	23900	19700	21000	22000	20500		21800	711600	15432640000
HLC	2016-04-21T00:00:00+07:00	8600	9400	7800	0	0	0		8600	0	0
HLD	2016-04-21T00:00:00+07:00	14400	15800	13000	14100	14200	14000		14100	88800	1252310000
HLY	2016-04-21T00:00:00+07:00	13500	14800	12200	12200	14000	12200		12500	1200	15120000
HMH	2016-04-21T00:00:00+07:00	15700	17200	14200	15700	15700	15500		15700	10700	166700000
HNM	2016-04-21T00:00:00+07:00	9200	10100	8300	9300	9500	9200		9500	7805	71986500
HOM	2016-04-21T00:00:00+07:00	6400	7000	5800	6400	6400	6200		6300	31000	195760000
HPM	2016-04-21T00:00:00+07:00	18600	20400	16800	18700	18700	18700		18700	500	9350000
HPS	2016-04-21T00:00:00+07:00	7000	7700	6300	0	0	0		7000	0	0
HST	2016-04-21T00:00:00+07:00	6700	7300	6100	0	0	0		7100	0	0
HTC	2016-04-21T00:00:00+07:00	42500	46700	38300	42000	42100	42000		42000	500	21010000
HTP	2016-04-21T00:00:00+07:00	17500	19200	15800	0	0	0		17500	0	0
HUT	2016-04-21T00:00:00+07:00	9300	10200	8400	9400	9500	9300		9400	572070	5351820000
HVA	2016-04-21T00:00:00+07:00	5900	6400	5400	5800	6000	5700		5700	313800	1825200000
HVT	2016-04-21T00:00:00+07:00	23500	25800	21200	0	0	0		23500	0	0
ICG	2016-04-21T00:00:00+07:00	7200	7900	6500	7200	7200	7200		7200	15500	111583600
IDJ	2016-04-21T00:00:00+07:00	2700	2900	2500	2500	2500	2500		2500	47300	118250000
IDV	2016-04-21T00:00:00+07:00	42600	46800	38400	44000	44200	42700		42700	1800	79330000
INC	2016-04-21T00:00:00+07:00	5400	5900	4900	0	0	0		5400	0	0
INN	2016-04-21T00:00:00+07:00	48000	52800	43200	47500	47500	45000		45700	11500	528770000
ITQ	2016-04-21T00:00:00+07:00	6400	7000	5800	6300	6600	5900		6500	1603600	10050280000
IVS	2016-04-21T00:00:00+07:00	17100	18800	15400	17100	17500	17000		17100	195500	3360920000
KDM	2016-04-21T00:00:00+07:00	12100	13300	10900	12100	12500	11700		12500	491800	5987670000
KHB	2016-04-21T00:00:00+07:00	5000	5500	4500	5000	5200	5000		5100	1085840	5465020000
KHL	2016-04-21T00:00:00+07:00	1900	2000	1800	2000	2000	1900		1900	34000	64750000
KKC	2016-04-21T00:00:00+07:00	11000	12100	9900	11400	11500	11400		11500	6100	69740000
KLF	2016-04-21T00:00:00+07:00	3400	3700	3100	3500	3500	3300		3400	2708030	9176404800
KLS	2016-04-21T00:00:00+07:00	9300	10200	8400	9300	9500	9300		9400	1598200	15032245000
KMT	2016-04-21T00:00:00+07:00	6400	7000	5800	0	0	0		6400	0	0
KSD	2016-04-21T00:00:00+07:00	4000	4400	3600	4000	4000	3900		3900	2800	10950000
KSK	2016-04-21T00:00:00+07:00	3000	3300	2700	3000	3000	2900		3000	213520	633168000
KSQ	2016-04-21T00:00:00+07:00	3600	3900	3300	3700	3800	3700		3700	173026	656938800
KST	2016-04-21T00:00:00+07:00	4500	4900	4100	0	0	0		4500	0	0
KTS	2016-04-21T00:00:00+07:00	39400	43300	35500	41000	43300	37000		43300	18430	791847500
KTT	2016-04-21T00:00:00+07:00	3800	4100	3500	3800	3900	3800		3900	500	1910000
KVC	2016-04-21T00:00:00+07:00	11100	12200	10000	11000	11200	11000		11200	512200	5691120000
L14	2016-04-21T00:00:00+07:00	49800	54700	44900	50500	54000	49800		53000	23350	1195230000
L18	2016-04-21T00:00:00+07:00	11500	12600	10400	0	0	0		11500	0	0
L35	2016-04-21T00:00:00+07:00	5100	5600	4600	5100	5100	5100		5100	3500	17850000
L43	2016-04-21T00:00:00+07:00	4900	5300	4500	5300	5300	5300		5300	100	530000
L44	2016-04-21T00:00:00+07:00	3400	3700	3100	3600	3600	3500		3500	2700	9680000
L61	2016-04-21T00:00:00+07:00	10300	11300	9300	10300	10300	10200		10200	13700	140970000
L62	2016-04-21T00:00:00+07:00	6200	6800	5600	0	0	0		6200	0	0
LAS	2016-04-21T00:00:00+07:00	29500	32400	26600	29600	29900	29400		29500	34300	1014070000
LBE	2016-04-21T00:00:00+07:00	15600	17100	14100	0	0	0		15600	0	0
LCD	2016-04-21T00:00:00+07:00	7900	8600	7200	0	0	0		7900	0	0
LCS	2016-04-21T00:00:00+07:00	4400	4800	4000	4300	4300	4300		4300	9000	38700000
LDP	2016-04-21T00:00:00+07:00	41300	45400	37200	38000	38000	38000		38000	200	7600000
LHC	2016-04-21T00:00:00+07:00	51500	56600	46400	51500	52400	51500		52100	18600	964390000
LIG	2016-04-21T00:00:00+07:00	7200	7900	6500	7200	7200	7000		7000	696900	4943620000
LM7	2016-04-21T00:00:00+07:00	3200	3500	2900	0	0	0		3200	0	0
LO5	2016-04-21T00:00:00+07:00	3600	3900	3300	3400	3400	3400		3400	100	340000
LTC	2016-04-21T00:00:00+07:00	5500	6000	5000	5700	5700	5300		5400	11000	58870000
LUT	2016-04-21T00:00:00+07:00	3100	3400	2800	3100	3200	3100		3100	5300	16440000
MAC	2016-04-21T00:00:00+07:00	11200	12300	10100	11200	11300	11100		11200	107350	1201340000
MAS	2016-04-21T00:00:00+07:00	138000	151800	124200	138000	138000	137000		138000	900	124100000
MBG	2016-04-21T00:00:00+07:00	20900	22900	18900	20800	21200	20500		20700	196600	4104670000
MBS	2016-04-21T00:00:00+07:00	6400	7000	5800	6300	6300	6100		6200	99925	614682500
MCC	2016-04-21T00:00:00+07:00	14200	15600	12800	15500	15500	14200		14300	7600	108500000
MCF	2016-04-21T00:00:00+07:00	14200	15600	12800	0	0	0		14200	0	0
MCO	2016-04-21T00:00:00+07:00	2600	2800	2400	2400	2400	2400		2400	1900	4560000
MDC	2016-04-21T00:00:00+07:00	8000	8800	7200	0	0	0		8000	0	0
MEC	2016-04-21T00:00:00+07:00	4900	5300	4500	4800	4900	4800		4900	500	2410000
MHL	2016-04-21T00:00:00+07:00	7000	7700	6300	6700	6700	6500		6500	300	1990000
MIM	2016-04-21T00:00:00+07:00	5900	6400	5400	0	0	0		5900	0	0
MKV	2016-04-21T00:00:00+07:00	11300	12400	10200	0	0	0		11300	0	0
MNC	2016-04-21T00:00:00+07:00	5800	6300	5300	5700	5800	5700		5800	13000	74300000
MPT	2016-04-21T00:00:00+07:00	13000	14300	11700	11700	12500	11700		12500	1041200	12269580000
NAG	2016-04-21T00:00:00+07:00	5100	5600	4600	5100	5200	5000		5100	26700	134290000
NBC	2016-04-21T00:00:00+07:00	7000	7700	6300	7000	7000	7000		7000	4000	28000000
NBP	2016-04-21T00:00:00+07:00	20000	22000	18000	18000	19900	18000		19900	17900	322580000
NDF	2016-04-21T00:00:00+07:00	4200	4600	3800	4200	4200	3800		3900	85900	330720000
NDN	2016-04-21T00:00:00+07:00	8900	9700	8100	8900	9000	8900		8900	199610	1782779000
NDX	2016-04-21T00:00:00+07:00	8500	9300	7700	8600	9100	8600		8800	24700	220980000
NET	2016-04-21T00:00:00+07:00	48000	52800	43200	48000	48000	47000		47500	88000	4176120000
NFC	2016-04-21T00:00:00+07:00	21900	24000	19800	0	0	0		21900	0	0
NGC	2016-04-21T00:00:00+07:00	8500	9300	7700	0	0	0		8500	0	0
NHA	2016-04-21T00:00:00+07:00	8600	9400	7800	8600	9000	8600		8800	151000	1315830000
NHC	2016-04-21T00:00:00+07:00	34900	38300	31500	35500	37000	35500		37000	4100	151230000
NHP	2016-04-21T00:00:00+07:00	17100	18800	15400	17100	17300	17100		17200	315800	5432080000
NPS	2016-04-21T00:00:00+07:00	13200	14500	11900	0	0	0		13200	0	0
NST	2016-04-21T00:00:00+07:00	15000	16500	13500	0	0	0		15000	0	0
NTP	2016-04-21T00:00:00+07:00	70000	77000	63000	70000	72000	69000		72000	45910	3226828000
NVB	2016-04-21T00:00:00+07:00	5800	6300	5300	5400	5400	5400		5400	200	1080000
OCH	2016-04-21T00:00:00+07:00	6800	7400	6200	7300	7300	6200		6200	800	5310000
ONE	2016-04-21T00:00:00+07:00	8800	9600	8000	8900	8900	8900		8900	144	1258000
ORS	2016-04-21T00:00:00+07:00	4200	4600	3800	3900	4100	3800		4100	3200	12700000
PBP	2016-04-21T00:00:00+07:00	16000	17600	14400	16100	16100	16100		16100	4000	64400000
PCE	2016-04-21T00:00:00+07:00	14100	15500	12700	15500	15500	14700		14700	3400	52300000
PCG	2016-04-21T00:00:00+07:00	8700	9500	7900	0	0	0		8700	0	0
PCN	2016-04-21T00:00:00+07:00	5800	6300	5300	5300	5300	5300		5300	100	530000
PCT	2016-04-21T00:00:00+07:00	8600	9400	7800	8400	9400	8400		9400	300	2620000
PDB	2016-04-21T00:00:00+07:00	22900	25100	20700	22900	23800	22800		23800	281282	6563874400
PDC	2016-04-21T00:00:00+07:00	6600	7200	6000	0	0	0		6600	0	0
PEN	2016-04-21T00:00:00+07:00	7800	8500	7100	0	0	0		7800	0	0
PGS	2016-04-21T00:00:00+07:00	19200	21100	17300	19900	20300	19400		19500	1013218	19940698000
PGT	2016-04-21T00:00:00+07:00	4600	5000	4200	0	0	0		4600	0	0
PHC	2016-04-21T00:00:00+07:00	7700	8400	7000	7500	8100	7500		7800	59200	470560000
PHP	2016-04-21T00:00:00+07:00	22400	24600	20200	22400	22500	22300		22300	6100	136730000
PIV	2016-04-21T00:00:00+07:00	11000	12100	9900	10900	11200	10900		11000	16700	184570000
PJC	2016-04-21T00:00:00+07:00	18900	20700	17100	0	0	0		20100	0	0
PLC	2016-04-21T00:00:00+07:00	29000	31900	26100	29000	29300	29000		29000	51654	1500621000
PMB	2016-04-21T00:00:00+07:00	12700	13900	11500	0	0	0		12700	0	0
PMC	2016-04-21T00:00:00+07:00	51000	56100	45900	50000	50000	49100		49100	5383	264945600
PMP	2016-04-21T00:00:00+07:00	15200	16700	13700	0	0	0		15200	0	0
PMS	2016-04-21T00:00:00+07:00	17000	18700	15300	17600	17700	16000		17500	32750	540768000
POT	2016-04-21T00:00:00+07:00	15800	17300	14300	15500	16000	15300		15300	1800	27700000
PPE	2016-04-21T00:00:00+07:00	17200	18900	15500	17300	17300	17300		17300	500	8650000
PPP	2016-04-21T00:00:00+07:00	8900	9700	8100	0	0	0		8900	0	0
PPS	2016-04-21T00:00:00+07:00	10900	11900	9900	10800	10800	10800		10800	100	1080000
PPY	2016-04-21T00:00:00+07:00	18500	20300	16700	0	0	0		18500	0	0
PRC	2016-04-21T00:00:00+07:00	11700	12800	10600	11900	11900	11900		11900	3000	35700000
PSC	2016-04-21T00:00:00+07:00	10500	11500	9500	10600	10900	10600		10900	500	5390000
PSD	2016-04-21T00:00:00+07:00	15500	17000	14000	15800	15800	15700		15700	1700	26720000
PSE	2016-04-21T00:00:00+07:00	11500	12600	10400	11400	11400	11400		11400	2200	25080000
PSI	2016-04-21T00:00:00+07:00	8400	9200	7600	0	0	0		8400	10	76000
PSW	2016-04-21T00:00:00+07:00	13600	14900	12300	0	0	0		13600	0	0
PTD	2016-04-21T00:00:00+07:00	27500	30200	24800	30200	30200	24800		24800	400	11000000
PTI	2016-04-21T00:00:00+07:00	22200	24400	20000	22000	22500	21000		22300	4601	100900300
PTS	2016-04-21T00:00:00+07:00	5900	6400	5400	6200	6200	6100		6100	300	1840000
PV2	2016-04-21T00:00:00+07:00	2300	2500	2100	2200	2300	2200		2300	69300	156000000
PVB	2016-04-21T00:00:00+07:00	21300	23400	19200	21500	22000	21500		22000	134900	2948760000
PVC	2016-04-21T00:00:00+07:00	13100	14400	11800	13400	13800	13400		13700	340560	4653197000
PVE	2016-04-21T00:00:00+07:00	7900	8600	7200	7900	8000	7900		8000	99100	789240000
PVG	2016-04-21T00:00:00+07:00	7800	8500	7100	7800	8000	7800		7800	118000	934220000
PVI	2016-04-21T00:00:00+07:00	24800	27200	22400	24900	25200	24500		24700	221251	5477076100
PVL	2016-04-21T00:00:00+07:00	2000	2200	1800	2000	2100	2000		2100	25800	51760000
PVR	2016-04-21T00:00:00+07:00	3400	3700	3100	3500	3500	3500		3500	200	700000
PVS	2016-04-21T00:00:00+07:00	15800	17300	14300	16000	16600	15900		16500	2077759	33925109800
PVV	2016-04-21T00:00:00+07:00	2400	2600	2200	2400	2400	2200		2400	44400	102910000
PVX	2016-04-21T00:00:00+07:00	2600	2800	2400	2600	2700	2500		2600	1632614	4248526400
PXA	2016-04-21T00:00:00+07:00	2400	2600	2200	2300	2400	2200		2400	46200	105210000
QHD	2016-04-21T00:00:00+07:00	58000	63800	52200	57500	59500	56500		57000	42278	2418110400
QNC	2016-04-21T00:00:00+07:00	6400	7000	5800	6000	6000	6000		6000	54100	324600000
QST	2016-04-21T00:00:00+07:00	9300	10200	8400	10200	10200	10200		10200	100	1020000
QTC	2016-04-21T00:00:00+07:00	22200	24400	20000	20000	22200	20000		22000	17300	380840000
RCL	2016-04-21T00:00:00+07:00	24000	26400	21600	24000	24000	24000		24000	4600	110400000
S12	2016-04-21T00:00:00+07:00	5100	5600	4600	0	0	0		5100	0	0
S55	2016-04-21T00:00:00+07:00	38200	42000	34400	38600	39000	38500		38800	17900	692580000
S74	2016-04-21T00:00:00+07:00	6400	7000	5800	5900	6400	5900		6400	900	5360000
S99	2016-04-21T00:00:00+07:00	5800	6300	5300	5800	5800	5700		5800	444100	2553880000
SAF	2016-04-21T00:00:00+07:00	65000	71500	58500	58900	65000	58900		65000	1100	70890000
SAP	2016-04-21T00:00:00+07:00	12100	13300	10900	0	0	0		12100	0	0
SCI	2016-04-21T00:00:00+07:00	11000	12100	9900	0	0	0		11000	0	0
SCJ	2016-04-21T00:00:00+07:00	7100	7800	6400	6600	6600	6600		6600	2500	16500000
SCL	2016-04-21T00:00:00+07:00	7700	8400	7000	7500	7500	7500		7500	300	2250000
SCR	2016-04-21T00:00:00+07:00	9100	10000	8200	9100	9300	9100		9300	1269888	11651813600
SD2	2016-04-21T00:00:00+07:00	5600	6100	5100	5700	5800	5700		5800	16200	93850000
SD4	2016-04-21T00:00:00+07:00	10700	11700	9700	10700	10700	10400		10400	15900	166630000
SD5	2016-04-21T00:00:00+07:00	10400	11400	9400	10300	10400	10300		10400	47200	487660000
SD6	2016-04-21T00:00:00+07:00	12400	13600	11200	12400	12500	12400		12500	11700	145690000
SD7	2016-04-21T00:00:00+07:00	8300	9100	7500	8300	8300	7600		8200	13000	104480000
SD9	2016-04-21T00:00:00+07:00	12300	13500	11100	11900	12300	11900		12300	27590	338325000
SDA	2016-04-21T00:00:00+07:00	5400	5900	4900	5100	5300	5100		5200	10948	57094800
SDC	2016-04-21T00:00:00+07:00	12300	13500	11100	0	0	0		12300	0	0
SDD	2016-04-21T00:00:00+07:00	2600	2800	2400	2500	2500	2400		2400	56900	136610000
SDE	2016-04-21T00:00:00+07:00	2200	2400	2000	2100	2100	2100		2100	100	210000
SDG	2016-04-21T00:00:00+07:00	18100	19900	16300	0	0	0		18100	0	0
SDH	2016-04-21T00:00:00+07:00	2700	2900	2500	2600	2800	2600		2800	62400	167390000
SDN	2016-04-21T00:00:00+07:00	28100	30900	25300	25400	25400	25400		25400	500	12700000
SDP	2016-04-21T00:00:00+07:00	4100	4500	3700	4500	4500	4400		4400	5000	22240000
SDT	2016-04-21T00:00:00+07:00	10700	11700	9700	10600	10700	10500		10700	87600	927500000
SDU	2016-04-21T00:00:00+07:00	10600	11600	9600	10600	10600	10400		10400	19000	197790000
SDY	2016-04-21T00:00:00+07:00	8100	8900	7300	0	0	0		8100	0	0
SEB	2016-04-21T00:00:00+07:00	27000	29700	24300	0	0	0		27000	0	0
SED	2016-04-21T00:00:00+07:00	18300	20100	16500	0	0	0		18300	0	0
SFN	2016-04-21T00:00:00+07:00	18100	19900	16300	19800	19800	19000		19000	8200	161210000
SGC	2016-04-21T00:00:00+07:00	36000	39600	32400	32400	39600	32400		39600	1200	46800000
SGD	2016-04-21T00:00:00+07:00	8700	9500	7900	9000	9100	9000		9100	600	5440000
SGH	2016-04-21T00:00:00+07:00	25500	28000	23000	0	0	0		25500	0	0
SGO	2016-04-21T00:00:00+07:00	4400	4800	4000	4400	4500	4300		4400	404000	1774040000
SHA	2016-04-21T00:00:00+07:00	10500	11500	9500	10400	10600	10400		10500	259550	2728360000
SHB	2016-04-21T00:00:00+07:00	6400	7000	5800	6400	6400	6300		6300	561408	3541482600
SHN	2016-04-21T00:00:00+07:00	11600	12700	10500	11600	11800	11500		11800	488500	5700580000
SHS	2016-04-21T00:00:00+07:00	7100	7800	6400	7000	7200	7000		7000	356000	2514200000
SIC	2016-04-21T00:00:00+07:00	9300	10200	8400	0	0	0		9300	0	0
SJ1	2016-04-21T00:00:00+07:00	19900	21800	18000	19900	20100	19900		20100	600	11980000
SJC	2016-04-21T00:00:00+07:00	6500	7100	5900	0	0	0		6500	0	0
SJE	2016-04-21T00:00:00+07:00	37100	40800	33400	37000	37200	37000		37100	6100	226210000
SLS	2016-04-21T00:00:00+07:00	76000	83600	68400	76000	83600	76000		83000	23200	1863060000
SMN	2016-04-21T00:00:00+07:00	9600	10500	8700	0	0	0		9600	0	0
SMT	2016-04-21T00:00:00+07:00	24800	27200	22400	25700	25700	23000		25000	500	12180000
SPI	2016-04-21T00:00:00+07:00	5200	5700	4700	4700	5000	4700		4700	905800	4323010000
SPP	2016-04-21T00:00:00+07:00	10000	11000	9000	0	0	0		10000	0	0
SQC	2016-04-21T00:00:00+07:00	81000	89100	72900	0	0	0		81000	0	0
SRA	2016-04-21T00:00:00+07:00	1600	1700	1500	0	0	0		1600	0	0
SRB	2016-04-21T00:00:00+07:00	1800	1900	1700	1800	1900	1800		1900	600	1090000
SSM	2016-04-21T00:00:00+07:00	14900	16300	13500	14900	15200	14900		15000	9000	134610000
STC	2016-04-21T00:00:00+07:00	20000	22000	18000	0	0	0		20000	0	0
STP	2016-04-21T00:00:00+07:00	7200	7900	6500	0	0	0		7200	0	0
SVN	2016-04-21T00:00:00+07:00	3700	4000	3400	3700	3700	3500		3700	187400	669250000
TA9	2016-04-21T00:00:00+07:00	29400	32300	26500	29900	30300	29600		30300	5900	176030000
TAG	2016-04-21T00:00:00+07:00	24000	26400	21600	26100	26400	24000		26400	1900	47490000
TBX	2016-04-21T00:00:00+07:00	10300	11300	9300	0	0	0		10300	0	0
TC6	2016-04-21T00:00:00+07:00	12500	13700	11300	12400	12700	12400		12400	24600	305210000
TCS	2016-04-21T00:00:00+07:00	8200	9000	7400	8700	8700	8700		8700	100	870000
TDN	2016-04-21T00:00:00+07:00	8800	9600	8000	0	0	0		8800	0	0
TEG	2016-04-21T00:00:00+07:00	17600	19300	15900	17600	18400	17100		17100	286000	5052840000
TET	2016-04-21T00:00:00+07:00	20700	22700	18700	0	0	0		20700	0	0
TFC	2016-04-21T00:00:00+07:00	25000	27500	22500	25500	25500	24000		24000	1200	29100000
TH1	2016-04-21T00:00:00+07:00	18000	19800	16200	0	0	0		18000	0	0
THB	2016-04-21T00:00:00+07:00	22300	24500	20100	21000	21900	21000		21900	1100	23190000
THS	2016-04-21T00:00:00+07:00	7100	7800	6400	7000	7000	6900		6900	1100	7600000
THT	2016-04-21T00:00:00+07:00	13100	14400	11800	13200	13200	13200		13200	200	2640000
TIG	2016-04-21T00:00:00+07:00	8700	9500	7900	8700	8900	8500		8800	1432900	12443930000
TJC	2016-04-21T00:00:00+07:00	9700	10600	8800	9600	9700	9600		9700	2900	28120000
TKC	2016-04-21T00:00:00+07:00	13100	14400	11800	13000	13000	13000		13000	1000	13000000
TKU	2016-04-21T00:00:00+07:00	9000	9900	8100	0	0	0		9000	0	0
TMC	2016-04-21T00:00:00+07:00	13400	14700	12100	13500	13500	13500		13500	500	6750000
TMX	2016-04-21T00:00:00+07:00	4000	4400	3600	0	0	0		4000	0	0
TNG	2016-04-21T00:00:00+07:00	18000	19800	16200	18000	18200	17800		17800	283332	5099511000
TPH	2016-04-21T00:00:00+07:00	11500	12600	10400	0	0	0		11500	0	0
TPP	2016-04-21T00:00:00+07:00	23000	25300	20700	25000	25000	23600		23600	1600	39300000
TSB	2016-04-21T00:00:00+07:00	8200	9000	7400	0	0	0		8200	0	0
TST	2016-04-21T00:00:00+07:00	5700	6200	5200	0	0	0		5700	0	0
TTB	2016-04-21T00:00:00+07:00	11700	12800	10600	11700	11800	11600		11700	679400	7953960000
TTC	2016-04-21T00:00:00+07:00	19900	21800	18000	19900	20300	19700		19900	54132	1078685000
TTZ	2016-04-21T00:00:00+07:00	4300	4700	3900	4500	4500	4400		4400	23200	102560000
TV2	2016-04-21T00:00:00+07:00	95000	104500	85500	93000	95000	91500		91500	8300	774810000
TV3	2016-04-21T00:00:00+07:00	26200	28800	23600	0	0	0		26200	0	0
TV4	2016-04-21T00:00:00+07:00	13000	14300	11700	12600	13100	12500		13100	7000	89100000
TVC	2016-04-21T00:00:00+07:00	13600	14900	12300	13600	13900	13500		13600	1211100	16464110000
TVD	2016-04-21T00:00:00+07:00	8100	8900	7300	0	0	0		8100	0	0
TXM	2016-04-21T00:00:00+07:00	7600	8300	6900	6900	6900	6900		6900	100	690000
UNI	2016-04-21T00:00:00+07:00	9200	10100	8300	9000	9100	8900		8900	7800	69880000
V12	2016-04-21T00:00:00+07:00	11400	12500	10300	11400	11500	11400		11500	300	3430000
V21	2016-04-21T00:00:00+07:00	5000	5500	4500	0	0	0		5000	0	0
VAT	2016-04-21T00:00:00+07:00	13200	14500	11900	13200	13200	12800		13000	158100	2057020000
VBC	2016-04-21T00:00:00+07:00	56000	61600	50400	0	0	0		56000	0	0
VBH	2016-04-21T00:00:00+07:00	14800	16200	13400	0	0	0		14800	0	0
VC1	2016-04-21T00:00:00+07:00	18000	19800	16200	0	0	0		18000	0	0
VC2	2016-04-21T00:00:00+07:00	16000	17600	14400	17100	17100	15900		16000	11500	184460000
VC3	2016-04-21T00:00:00+07:00	31400	34500	28300	31200	31900	31200		31500	106700	3375550000
VC5	2016-04-21T00:00:00+07:00	2800	3000	2600	3000	3000	3000		3000	5600	16800000
VC6	2016-04-21T00:00:00+07:00	9400	10300	8500	8600	8600	8600		8600	100	860000
VC7	2016-04-21T00:00:00+07:00	14300	15700	12900	14100	14600	13500		14600	17400	252560000
VC9	2016-04-21T00:00:00+07:00	10200	11200	9200	0	0	0		10200	0	0
VCC	2016-04-21T00:00:00+07:00	17100	18800	15400	16900	18100	15600		18000	139990	2307612000
VCG	2016-04-21T00:00:00+07:00	10400	11400	9400	10400	10600	10400		10500	577155	6043952000
VCM	2016-04-21T00:00:00+07:00	17500	19200	15800	17700	17700	17700		17700	100	1770000
VCR	2016-04-21T00:00:00+07:00	2900	3100	2700	2700	2800	2700		2800	17800	48680000
VCS	2016-04-21T00:00:00+07:00	91200	100300	82100	91300	94900	91200		93800	86968	8142615800
VDL	2016-04-21T00:00:00+07:00	35600	39100	32100	0	0	0		35600	0	0
VDS	2016-04-21T00:00:00+07:00	8200	9000	7400	7900	7900	7800		7800	26000	203100000
VE1	2016-04-21T00:00:00+07:00	8900	9700	8100	0	0	0		8900	0	0
VE2	2016-04-21T00:00:00+07:00	14800	16200	13400	0	0	0		14800	0	0
VE3	2016-04-21T00:00:00+07:00	14900	16300	13500	15000	15300	15000		15300	1600	24030000
VE4	2016-04-21T00:00:00+07:00	12400	13600	11200	0	0	0		12400	0	0
VE8	2016-04-21T00:00:00+07:00	11000	12100	9900	10000	11000	10000		11000	1800	18100000
VE9	2016-04-21T00:00:00+07:00	7800	8500	7100	8100	8100	8100		8100	100	810000
VFR	2016-04-21T00:00:00+07:00	14000	15400	12600	13700	14000	13600		13900	14200	196980000
VGP	2016-04-21T00:00:00+07:00	17900	19600	16200	18000	18000	18000		18000	1300	23400000
VGS	2016-04-21T00:00:00+07:00	10800	11800	9800	10900	11300	10500		11300	1508630	16614568000
VHL	2016-04-21T00:00:00+07:00	46500	51100	41900	47000	47000	47000		47000	4900	230300000
VIE	2016-04-21T00:00:00+07:00	1800	1900	1700	0	0	0		1800	0	0
VIG	2016-04-21T00:00:00+07:00	3300	3600	3000	3300	3400	3300		3400	89300	294700000
VIT	2016-04-21T00:00:00+07:00	24500	26900	22100	24500	24500	23900		24000	33420	802137000
VIX	2016-04-21T00:00:00+07:00	8500	9300	7700	8600	8700	8400		8500	503940	4297134000
VKC	2016-04-21T00:00:00+07:00	14600	16000	13200	14700	15000	14700		14800	90900	1347100000
VLA	2016-04-21T00:00:00+07:00	11600	12700	10500	0	0	0		11600	0	0
VMC	2016-04-21T00:00:00+07:00	28300	31100	25500	25500	25500	25500		25500	100	2550000
VMI	2016-04-21T00:00:00+07:00	6500	7100	5900	6500	6600	6400		6400	60100	388020000
VMS	2016-04-21T00:00:00+07:00	12800	14000	11600	0	0	0		12800	0	0
VNC	2016-04-21T00:00:00+07:00	33000	36300	29700	32500	32500	32500		32500	400	13000000
VND	2016-04-21T00:00:00+07:00	11500	12600	10400	11500	11600	11400		11600	727100	8360750000
VNF	2016-04-21T00:00:00+07:00	53000	58300	47700	0	0	0		53000	0	0
VNR	2016-04-21T00:00:00+07:00	18900	20700	17100	18800	18800	18800		18800	40400	759520000
VNT	2016-04-21T00:00:00+07:00	33900	37200	30600	31800	33300	30700		32400	700	22260000
VSA	2016-04-21T00:00:00+07:00	27000	29700	24300	26800	27200	26800		27100	5900	159760000
VTC	2016-04-21T00:00:00+07:00	8400	9200	7600	8300	9200	7700		8500	6500	55200000
VTH	2016-04-21T00:00:00+07:00	17000	18700	15300	17000	17700	17000		17700	12900	221500000
VTL	2016-04-21T00:00:00+07:00	23900	26200	21600	0	0	0		23900	0	0
VTS	2016-04-21T00:00:00+07:00	10600	11600	9600	10600	10600	10600		10600	2100	22260000
VTV	2016-04-21T00:00:00+07:00	18400	20200	16600	18900	18900	18400		18900	307567	5741512900
VXB	2016-04-21T00:00:00+07:00	10900	11900	9900	0	0	0		10900	0	0
WCS	2016-04-21T00:00:00+07:00	156000	171600	140400	157000	157000	155000		155000	1100	170700000
WSS	2016-04-21T00:00:00+07:00	5700	6200	5200	5700	5700	5500		5500	159700	895070000
