stocksymbol	datereport	priorcloseprice	ceiling	floor	openprice	highest	lowest	last	totalshare	totalvalue
AAM	2016-04-21T00:00:00+07:00	10100.0000	10800.0000	9400.0000	10400.0000	10500.0000	10100.0000	10100.0000	3300	33720000
ABT	2016-04-21T00:00:00+07:00	48500.0000	51500.0000	45200.0000	46900.0000	49500.0000	46900.0000	49500.0000	30	1460000
ACC	2016-04-21T00:00:00+07:00	27700.0000	29600.0000	25800.0000	27100.0000	27500.0000	27100.0000	27500.0000	1760	47780000
ACL	2016-04-21T00:00:00+07:00	9900.0000	10500.0000	9300.0000	0.0000	0.0000	0.0000	9900.0000	0	0
AGF	2016-04-21T00:00:00+07:00	11400.0000	12100.0000	10700.0000	11500.0000	12100.0000	10700.0000	11000.0000	8090	88630000
AGM	2016-04-21T00:00:00+07:00	13200.0000	14100.0000	12300.0000	13400.0000	13400.0000	12800.0000	13200.0000	20230	263110000
AGR	2016-04-21T00:00:00+07:00	2900.0000	3100.0000	2700.0000	2900.0000	3000.0000	2900.0000	3000.0000	58180	168740000
AMD	2016-04-21T00:00:00+07:00	11700.0000	12500.0000	10900.0000	11600.0000	11900.0000	11600.0000	11800.0000	1358810	15998540000
ANV	2016-04-21T00:00:00+07:00	7100.0000	7500.0000	6700.0000	7100.0000	7400.0000	6800.0000	7400.0000	1550	10880000
APC	2016-04-21T00:00:00+07:00	16800.0000	17900.0000	15700.0000	16800.0000	17100.0000	16700.0000	16800.0000	28600	482860000
ASM	2016-04-21T00:00:00+07:00	17900.0000	19100.0000	16700.0000	17800.0000	18100.0000	17800.0000	18000.0000	1019620	18323460000
ASP	2016-04-21T00:00:00+07:00	5800.0000	6200.0000	5400.0000	5400.0000	5600.0000	5400.0000	5400.0000	173540	940070000
ATA	2016-04-21T00:00:00+07:00	6300.0000	6700.0000	5900.0000	6000.0000	6100.0000	5900.0000	5900.0000	370140	2197300000
BBC	2016-04-21T00:00:00+07:00	70000.0000	74500.0000	65500.0000	70000.0000	71000.0000	69500.0000	70000.0000	8840	615800000
BCE	2016-04-21T00:00:00+07:00	6500.0000	6900.0000	6100.0000	6500.0000	6800.0000	6500.0000	6700.0000	157920	1051100000
BCG	2016-04-21T00:00:00+07:00	6700.0000	7100.0000	6300.0000	6800.0000	7100.0000	6700.0000	7000.0000	572640	3979900000
BCI	2016-04-21T00:00:00+07:00	24400.0000	26100.0000	22700.0000	24100.0000	24400.0000	23800.0000	23800.0000	35610	860560000
BFC	2016-04-21T00:00:00+07:00	32300.0000	34500.0000	30100.0000	32200.0000	32500.0000	32000.0000	32100.0000	67550	2171730000
BGM	2016-04-21T00:00:00+07:00	2800.0000	2900.0000	2700.0000	2800.0000	2900.0000	2700.0000	2700.0000	1264000	3448120000
BHS	2016-04-21T00:00:00+07:00	18900.0000	20200.0000	17600.0000	18900.0000	20000.0000	18900.0000	20000.0000	7285760	141126170000
BIC	2016-04-21T00:00:00+07:00	20200.0000	21600.0000	18800.0000	20500.0000	20900.0000	20200.0000	20300.0000	33370	680790000
BID	2016-04-21T00:00:00+07:00	15700.0000	16700.0000	14700.0000	15800.0000	15900.0000	15600.0000	15900.0000	854710	13473570000
BMC	2016-04-21T00:00:00+07:00	17100.0000	18200.0000	16000.0000	16900.0000	17100.0000	16900.0000	17000.0000	1200	20400000
BMI	2016-04-21T00:00:00+07:00	23800.0000	25400.0000	22200.0000	24000.0000	24000.0000	22400.0000	24000.0000	36420	868500000
BMP	2016-04-21T00:00:00+07:00	133000.0000	142000.0000	124000.0000	135000.0000	137000.0000	134000.0000	135000.0000	105960	14265950000
BRC	2016-04-21T00:00:00+07:00	10100.0000	10800.0000	9400.0000	9700.0000	10200.0000	9700.0000	10200.0000	5410	52480000
BSI	2016-04-21T00:00:00+07:00	9400.0000	10000.0000	8800.0000	9400.0000	9700.0000	9300.0000	9300.0000	1400	13130000
BTP	2016-04-21T00:00:00+07:00	16800.0000	17900.0000	15700.0000	15700.0000	15800.0000	15700.0000	15700.0000	146890	2306270000
BTT	2016-04-21T00:00:00+07:00	37100.0000	39600.0000	34600.0000	0.0000	0.0000	0.0000	37100.0000	0	0
BVH	2016-04-21T00:00:00+07:00	51500.0000	55000.0000	47900.0000	51000.0000	54500.0000	51000.0000	53000.0000	512950	27272500000
C32	2016-04-21T00:00:00+07:00	47500.0000	50500.0000	44200.0000	47500.0000	50500.0000	47500.0000	50500.0000	276740	13645180000
C47	2016-04-21T00:00:00+07:00	12500.0000	13300.0000	11700.0000	12400.0000	13300.0000	12200.0000	13200.0000	244010	3161460000
CAV	2016-04-21T00:00:00+07:00	73500.0000	78500.0000	68500.0000	73500.0000	74500.0000	73500.0000	74500.0000	92240	6825020000
CCI	2016-04-21T00:00:00+07:00	11000.0000	11700.0000	10300.0000	0.0000	0.0000	0.0000	11000.0000	0	0
CCL	2016-04-21T00:00:00+07:00	3900.0000	4100.0000	3700.0000	3700.0000	3700.0000	3700.0000	3700.0000	182440	675030000
CDC	2016-04-21T00:00:00+07:00	9400.0000	10000.0000	8800.0000	9600.0000	9600.0000	9100.0000	9400.0000	1630	15070000
CDO	2016-04-21T00:00:00+07:00	29400.0000	31400.0000	27400.0000	29400.0000	29500.0000	29300.0000	29400.0000	1099880	32365030000
CIG	2016-04-21T00:00:00+07:00	1900.0000	2000.0000	1800.0000	1900.0000	1900.0000	1900.0000	1900.0000	200	380000
CII	2016-04-21T00:00:00+07:00	24600.0000	26300.0000	22900.0000	24600.0000	24800.0000	24400.0000	24800.0000	2448200	59903250000
CLC	2016-04-21T00:00:00+07:00	60000.0000	64000.0000	56000.0000	59000.0000	60000.0000	59000.0000	60000.0000	11640	686780000
CLG	2016-04-21T00:00:00+07:00	3800.0000	4000.0000	3600.0000	3700.0000	3900.0000	3600.0000	3900.0000	20470	74280000
CLL	2016-04-21T00:00:00+07:00	25000.0000	26700.0000	23300.0000	24500.0000	25900.0000	24500.0000	25300.0000	32970	837100000
CLW	2016-04-21T00:00:00+07:00	18200.0000	19400.0000	17000.0000	0.0000	0.0000	0.0000	18200.0000	0	0
CMG	2016-04-21T00:00:00+07:00	14600.0000	15600.0000	13600.0000	14600.0000	15400.0000	14600.0000	14900.0000	25800	383700000
CMT	2016-04-21T00:00:00+07:00	13800.0000	14700.0000	12900.0000	12900.0000	13700.0000	12900.0000	13700.0000	70	920000
CMV	2016-04-21T00:00:00+07:00	14600.0000	15600.0000	13600.0000	14600.0000	14600.0000	14500.0000	14500.0000	12000	175000000
CMX	2016-04-21T00:00:00+07:00	4900.0000	5200.0000	4600.0000	4900.0000	4900.0000	4700.0000	4900.0000	7070	34110000
CNG	2016-04-21T00:00:00+07:00	38000.0000	40600.0000	35400.0000	38900.0000	39200.0000	38300.0000	39000.0000	135630	5272930000
COM	2016-04-21T00:00:00+07:00	46000.0000	49200.0000	42800.0000	42800.0000	44900.0000	42800.0000	44900.0000	20	880000
CSM	2016-04-21T00:00:00+07:00	31400.0000	33500.0000	29300.0000	31300.0000	31800.0000	31300.0000	31600.0000	298860	9436450000
CSV	2016-04-21T00:00:00+07:00	23000.0000	24600.0000	21400.0000	23000.0000	23800.0000	22800.0000	23200.0000	249620	5804930000
CTD	2016-04-21T00:00:00+07:00	170000.0000	181000.0000	159000.0000	178000.0000	178000.0000	170000.0000	170000.0000	356510	62757140000
CTG	2016-04-21T00:00:00+07:00	16000.0000	17100.0000	14900.0000	16100.0000	16100.0000	15900.0000	16000.0000	436360	6989450000
CTI	2016-04-21T00:00:00+07:00	22500.0000	24000.0000	21000.0000	22600.0000	22900.0000	22600.0000	22700.0000	164850	3746350000
CYC	2016-04-21T00:00:00+07:00	2900.0000	3100.0000	2700.0000	0.0000	0.0000	0.0000	2900.0000	0	0
D2D	2016-04-21T00:00:00+07:00	31000.0000	33100.0000	28900.0000	33100.0000	33100.0000	33000.0000	33100.0000	550	18160000
DAG	2016-04-21T00:00:00+07:00	11100.0000	11800.0000	10400.0000	11100.0000	11300.0000	11100.0000	11200.0000	191860	2152330000
DAT	2016-04-21T00:00:00+07:00	33600.0000	35900.0000	31300.0000	33700.0000	33900.0000	33700.0000	33900.0000	11710	395980000
DCL	2016-04-21T00:00:00+07:00	22800.0000	24300.0000	21300.0000	24300.0000	24300.0000	23100.0000	24300.0000	404350	9771070000
DCM	2016-04-21T00:00:00+07:00	12700.0000	13500.0000	11900.0000	12700.0000	12800.0000	12700.0000	12800.0000	53110	675810000
DGW	2016-04-21T00:00:00+07:00	26200.0000	28000.0000	24400.0000	26900.0000	26900.0000	26600.0000	26600.0000	22850	610480000
DHA	2016-04-21T00:00:00+07:00	24100.0000	25700.0000	22500.0000	24100.0000	24100.0000	23600.0000	23900.0000	74630	1778550000
DHC	2016-04-21T00:00:00+07:00	36800.0000	39300.0000	34300.0000	36800.0000	37200.0000	36700.0000	37200.0000	113050	4169250000
DHG	2016-04-21T00:00:00+07:00	84500.0000	90000.0000	79000.0000	85000.0000	85500.0000	84000.0000	85000.0000	65360	5535190000
DHM	2016-04-21T00:00:00+07:00	10700.0000	11400.0000	10000.0000	10600.0000	10800.0000	10200.0000	10800.0000	1597940	16796650000
DIC	2016-04-21T00:00:00+07:00	6600.0000	7000.0000	6200.0000	6600.0000	6800.0000	6600.0000	6800.0000	181320	1221910000
DIG	2016-04-21T00:00:00+07:00	7800.0000	8300.0000	7300.0000	7800.0000	8100.0000	7700.0000	8000.0000	864080	6843880000
DLG	2016-04-21T00:00:00+07:00	7300.0000	7800.0000	6800.0000	7300.0000	7300.0000	7100.0000	7200.0000	1259930	9096260000
DMC	2016-04-21T00:00:00+07:00	72000.0000	77000.0000	67000.0000	73000.0000	73500.0000	72000.0000	72500.0000	70920	5148690000
DPM	2016-04-21T00:00:00+07:00	29700.0000	31700.0000	27700.0000	29900.0000	29900.0000	29500.0000	29500.0000	521370	15455330000
DPR	2016-04-21T00:00:00+07:00	37600.0000	40200.0000	35000.0000	38400.0000	39000.0000	38100.0000	39000.0000	11900	457950000
DQC	2016-04-21T00:00:00+07:00	65500.0000	70000.0000	61000.0000	65000.0000	67000.0000	65000.0000	67000.0000	13710	904200000
DRC	2016-04-21T00:00:00+07:00	44700.0000	47800.0000	41600.0000	44800.0000	45200.0000	44800.0000	44900.0000	135700	6093240000
DRH	2016-04-21T00:00:00+07:00	36700.0000	39200.0000	34200.0000	38500.0000	38800.0000	37600.0000	38800.0000	144610	5534180000
DRL	2016-04-21T00:00:00+07:00	34000.0000	36300.0000	31700.0000	0.0000	0.0000	0.0000	34000.0000	0	0
DSN	2016-04-21T00:00:00+07:00	63500.0000	67500.0000	59500.0000	63500.0000	63500.0000	63000.0000	63000.0000	15110	958390000
DTA	2016-04-21T00:00:00+07:00	5000.0000	5300.0000	4700.0000	5100.0000	5100.0000	5100.0000	5100.0000	50	260000
DTL	2016-04-21T00:00:00+07:00	10600.0000	11300.0000	9900.0000	10400.0000	10400.0000	10000.0000	10000.0000	3000	30350000
DTT	2016-04-21T00:00:00+07:00	10200.0000	10900.0000	9500.0000	9500.0000	10900.0000	9500.0000	10900.0000	290	2780000
DVP	2016-04-21T00:00:00+07:00	72000.0000	77000.0000	67000.0000	72500.0000	72500.0000	70500.0000	72500.0000	1660	117590000
DXG	2016-04-21T00:00:00+07:00	15500.0000	16500.0000	14500.0000	15600.0000	15700.0000	15100.0000	15200.0000	567670	8725020000
DXV	2016-04-21T00:00:00+07:00	4100.0000	4300.0000	3900.0000	4100.0000	4100.0000	4100.0000	4100.0000	100	410000
E1VFVN30	2016-04-21T00:00:00+07:00	9200.0000	9800.0000	8600.0000	9200.0000	9300.0000	9200.0000	9300.0000	4010	37190000
EIB	2016-04-21T00:00:00+07:00	10400.0000	11100.0000	9700.0000	10400.0000	10500.0000	10300.0000	10500.0000	376310	3916000000
ELC	2016-04-21T00:00:00+07:00	22300.0000	23800.0000	20800.0000	22300.0000	22800.0000	22200.0000	22700.0000	180220	4056040000
EMC	2016-04-21T00:00:00+07:00	10600.0000	11300.0000	9900.0000	10900.0000	10900.0000	10900.0000	10900.0000	20	220000
EVE	2016-04-21T00:00:00+07:00	42000.0000	44900.0000	39100.0000	42200.0000	44800.0000	42200.0000	43800.0000	413520	18102170000
FCM	2016-04-21T00:00:00+07:00	5400.0000	5700.0000	5100.0000	5500.0000	5600.0000	5500.0000	5500.0000	243610	1340460000
FCN	2016-04-21T00:00:00+07:00	21500.0000	23000.0000	20000.0000	21500.0000	21700.0000	21300.0000	21500.0000	247030	5308560000
FDC	2016-04-21T00:00:00+07:00	27800.0000	29700.0000	25900.0000	0.0000	0.0000	0.0000	27800.0000	0	0
FIT	2016-04-21T00:00:00+07:00	7200.0000	7700.0000	6700.0000	7200.0000	7300.0000	7100.0000	7200.0000	853290	6141780000
FLC	2016-04-21T00:00:00+07:00	6400.0000	6800.0000	6000.0000	6400.0000	6500.0000	6300.0000	6400.0000	3270320	20928830000
FMC	2016-04-21T00:00:00+07:00	20500.0000	21900.0000	19100.0000	20500.0000	21100.0000	20400.0000	21100.0000	53050	1092750000
FPT	2016-04-21T00:00:00+07:00	47100.0000	50000.0000	43900.0000	47300.0000	47500.0000	47100.0000	47300.0000	496340	23461790000
GAS	2016-04-21T00:00:00+07:00	44800.0000	47900.0000	41700.0000	45700.0000	47600.0000	45700.0000	47600.0000	1430930	66941240000
GDT	2016-04-21T00:00:00+07:00	45400.0000	48500.0000	42300.0000	45000.0000	45400.0000	44000.0000	45300.0000	13420	592580000
GIL	2016-04-21T00:00:00+07:00	35100.0000	37500.0000	32700.0000	35500.0000	35500.0000	35200.0000	35500.0000	8500	300250000
GMC	2016-04-21T00:00:00+07:00	40000.0000	42800.0000	37200.0000	40000.0000	40500.0000	40000.0000	40000.0000	710	28640000
GMD	2016-04-21T00:00:00+07:00	38500.0000	41100.0000	35900.0000	38600.0000	38700.0000	38300.0000	38600.0000	173770	6689970000
GSP	2016-04-21T00:00:00+07:00	14200.0000	15100.0000	13300.0000	14300.0000	14300.0000	14000.0000	14300.0000	38860	547390000
GTA	2016-04-21T00:00:00+07:00	17600.0000	18800.0000	16400.0000	16800.0000	17300.0000	16400.0000	17300.0000	6140	102950000
GTN	2016-04-21T00:00:00+07:00	15800.0000	16900.0000	14700.0000	15700.0000	16200.0000	15700.0000	16200.0000	693660	11056040000
GTT	2016-04-21T00:00:00+07:00	1100.0000	1200.0000	1000.0000	1100.0000	1200.0000	1100.0000	1100.0000	76700	87170000
HAG	2016-04-21T00:00:00+07:00	6700.0000	7100.0000	6300.0000	6700.0000	6900.0000	6700.0000	6800.0000	1657010	11254310000
HAH	2016-04-21T00:00:00+07:00	42800.0000	45700.0000	39900.0000	43100.0000	43100.0000	42800.0000	42900.0000	145980	6267070000
HAI	2016-04-21T00:00:00+07:00	5000.0000	5300.0000	4700.0000	5100.0000	5200.0000	5100.0000	5100.0000	946990	4830700000
HAP	2016-04-21T00:00:00+07:00	5100.0000	5400.0000	4800.0000	5100.0000	5200.0000	5000.0000	5100.0000	231430	1179740000
HAR	2016-04-21T00:00:00+07:00	4500.0000	4800.0000	4200.0000	4500.0000	4600.0000	4500.0000	4600.0000	509400	2316240000
HAS	2016-04-21T00:00:00+07:00	6700.0000	7100.0000	6300.0000	7100.0000	7100.0000	6900.0000	7100.0000	305960	2168890000
HAX	2016-04-21T00:00:00+07:00	18600.0000	19900.0000	17300.0000	19000.0000	19900.0000	18700.0000	19900.0000	10190	198520000
HBC	2016-04-21T00:00:00+07:00	18700.0000	20000.0000	17400.0000	18700.0000	18900.0000	18700.0000	18800.0000	144110	2709100000
HCM	2016-04-21T00:00:00+07:00	28800.0000	30800.0000	26800.0000	29300.0000	29800.0000	29100.0000	29400.0000	379400	11143070000
HDC	2016-04-21T00:00:00+07:00	13400.0000	14300.0000	12500.0000	13300.0000	13300.0000	13000.0000	13300.0000	11250	147820000
HDG	2016-04-21T00:00:00+07:00	27000.0000	28800.0000	25200.0000	26100.0000	27000.0000	26000.0000	27000.0000	11890	313390000
HHS	2016-04-21T00:00:00+07:00	8300.0000	8800.0000	7800.0000	8300.0000	8400.0000	8200.0000	8300.0000	977450	8116330000
HLG	2016-04-21T00:00:00+07:00	7400.0000	7900.0000	6900.0000	6900.0000	7100.0000	6900.0000	6900.0000	22300	154150000
HMC	2016-04-21T00:00:00+07:00	7200.0000	7700.0000	6700.0000	7300.0000	7300.0000	7200.0000	7300.0000	35070	255210000
HNG	2016-04-21T00:00:00+07:00	6800.0000	7200.0000	6400.0000	6800.0000	6900.0000	6700.0000	6800.0000	620220	4226870000
HOT	2016-04-21T00:00:00+07:00	19600.0000	20900.0000	18300.0000	0.0000	0.0000	0.0000	19600.0000	0	0
HPG	2016-04-21T00:00:00+07:00	31200.0000	33300.0000	29100.0000	31400.0000	32000.0000	31400.0000	31500.0000	3670790	116434740000
HQC	2016-04-21T00:00:00+07:00	5500.0000	5800.0000	5200.0000	5500.0000	5600.0000	5500.0000	5600.0000	3185880	17573640000
HRC	2016-04-21T00:00:00+07:00	37400.0000	40000.0000	34800.0000	34900.0000	37300.0000	34900.0000	37300.0000	1410	49230000
HSG	2016-04-21T00:00:00+07:00	39500.0000	42200.0000	36800.0000	40700.0000	42200.0000	40400.0000	42200.0000	1940040	80769200000
HT1	2016-04-21T00:00:00+07:00	26300.0000	28100.0000	24500.0000	25100.0000	26100.0000	25100.0000	26000.0000	16830	435870000
HTI	2016-04-21T00:00:00+07:00	16900.0000	18000.0000	15800.0000	16700.0000	16900.0000	16500.0000	16900.0000	137810	2305130000
HTL	2016-04-21T00:00:00+07:00	78500.0000	83500.0000	73500.0000	83500.0000	83500.0000	83500.0000	83500.0000	15640	1305940000
HTV	2016-04-21T00:00:00+07:00	16000.0000	17100.0000	14900.0000	0.0000	0.0000	0.0000	16000.0000	0	0
HU1	2016-04-21T00:00:00+07:00	6600.0000	7000.0000	6200.0000	6300.0000	6600.0000	6300.0000	6600.0000	710	4480000
HU3	2016-04-21T00:00:00+07:00	7200.0000	7700.0000	6700.0000	7300.0000	7300.0000	7100.0000	7100.0000	5000	36200000
HVG	2016-04-21T00:00:00+07:00	10000.0000	10700.0000	9300.0000	10000.0000	10100.0000	10000.0000	10000.0000	291690	2921800000
HVX	2016-04-21T00:00:00+07:00	4300.0000	4600.0000	4000.0000	0.0000	0.0000	0.0000	4300.0000	0	0
ICF	2016-04-21T00:00:00+07:00	3500.0000	3700.0000	3300.0000	3400.0000	3600.0000	3400.0000	3500.0000	310	1070000
IDI	2016-04-21T00:00:00+07:00	7600.0000	8100.0000	7100.0000	7600.0000	7900.0000	7600.0000	7700.0000	743080	5764260000
IJC	2016-04-21T00:00:00+07:00	7600.0000	8100.0000	7100.0000	7700.0000	7800.0000	7600.0000	7600.0000	416550	3194160000
IMP	2016-04-21T00:00:00+07:00	48400.0000	51500.0000	45100.0000	49900.0000	49900.0000	49500.0000	49500.0000	11830	588410000
ITA	2016-04-21T00:00:00+07:00	4600.0000	4900.0000	4300.0000	4600.0000	4700.0000	4600.0000	4600.0000	1421510	6554490000
ITC	2016-04-21T00:00:00+07:00	7700.0000	8200.0000	7200.0000	7600.0000	7600.0000	7400.0000	7600.0000	207570	1560890000
ITD	2016-04-21T00:00:00+07:00	20700.0000	22100.0000	19300.0000	20700.0000	21200.0000	20700.0000	21000.0000	141000	2952630000
JVC	2016-04-21T00:00:00+07:00	4200.0000	4400.0000	4000.0000	4300.0000	4300.0000	4200.0000	4300.0000	559960	2359790000
KAC	2016-04-21T00:00:00+07:00	8900.0000	9500.0000	8300.0000	9000.0000	9200.0000	8500.0000	8500.0000	200	1750000
KBC	2016-04-21T00:00:00+07:00	12800.0000	13600.0000	12000.0000	12800.0000	13100.0000	12800.0000	12900.0000	1692750	21872420000
KDC	2016-04-21T00:00:00+07:00	24800.0000	26500.0000	23100.0000	24900.0000	25000.0000	24600.0000	24800.0000	254560	6304170000
KDH	2016-04-21T00:00:00+07:00	22900.0000	24500.0000	21300.0000	22700.0000	23100.0000	22700.0000	23000.0000	97780	2240690000
KHA	2016-04-21T00:00:00+07:00	31800.0000	34000.0000	29600.0000	31900.0000	31900.0000	31700.0000	31800.0000	21580	686650000
KHP	2016-04-21T00:00:00+07:00	12400.0000	13200.0000	11600.0000	12300.0000	12400.0000	12300.0000	12300.0000	47460	584060000
KMR	2016-04-21T00:00:00+07:00	7200.0000	7700.0000	6700.0000	7300.0000	7300.0000	6700.0000	6700.0000	1664600	11303320000
KPF	2016-04-21T00:00:00+07:00	8000.0000	8500.0000	7500.0000	8000.0000	8000.0000	7800.0000	7900.0000	260810	2070240000
KSA	2016-04-21T00:00:00+07:00	6300.0000	6700.0000	5900.0000	6200.0000	6300.0000	6100.0000	6300.0000	2300400	14288710000
KSB	2016-04-21T00:00:00+07:00	46200.0000	49400.0000	43000.0000	47000.0000	47600.0000	46200.0000	47200.0000	322730	15113090000
KSH	2016-04-21T00:00:00+07:00	4000.0000	4200.0000	3800.0000	4000.0000	4200.0000	4000.0000	4100.0000	137270	559010000
KSS	2016-04-21T00:00:00+07:00	1100.0000	1200.0000	1000.0000	1200.0000	1200.0000	1100.0000	1100.0000	243980	268750000
L10	2016-04-21T00:00:00+07:00	16400.0000	17500.0000	15300.0000	15600.0000	17100.0000	15600.0000	17100.0000	680	10680000
LAF	2016-04-21T00:00:00+07:00	13300.0000	14200.0000	12400.0000	13500.0000	13500.0000	13300.0000	13400.0000	21310	285320000
LBM	2016-04-21T00:00:00+07:00	24200.0000	25800.0000	22600.0000	24400.0000	24400.0000	23800.0000	24000.0000	3410	81630000
LCG	2016-04-21T00:00:00+07:00	5400.0000	5700.0000	5100.0000	5500.0000	5500.0000	5300.0000	5500.0000	88950	479000000
LCM	2016-04-21T00:00:00+07:00	2700.0000	2800.0000	2600.0000	2700.0000	2800.0000	2700.0000	2800.0000	55070	153840000
LDG	2016-04-21T00:00:00+07:00	8300.0000	8800.0000	7800.0000	7900.0000	7900.0000	7800.0000	7800.0000	1941160	15170230000
LGC	2016-04-21T00:00:00+07:00	19800.0000	21100.0000	18500.0000	19700.0000	20000.0000	19700.0000	20000.0000	1600	31700000
LGL	2016-04-21T00:00:00+07:00	7300.0000	7800.0000	6800.0000	7000.0000	7200.0000	7000.0000	7200.0000	3510	24580000
LHG	2016-04-21T00:00:00+07:00	23500.0000	25100.0000	21900.0000	24100.0000	24700.0000	24000.0000	24400.0000	225810	5493440000
LIX	2016-04-21T00:00:00+07:00	79500.0000	85000.0000	74000.0000	79000.0000	81500.0000	79000.0000	80000.0000	48850	3933530000
LM8	2016-04-21T00:00:00+07:00	29200.0000	31200.0000	27200.0000	29200.0000	29600.0000	29200.0000	29200.0000	21630	633630000
LSS	2016-04-21T00:00:00+07:00	10600.0000	11300.0000	9900.0000	10800.0000	11300.0000	10700.0000	11300.0000	1175040	12861070000
MBB	2016-04-21T00:00:00+07:00	14500.0000	15500.0000	13500.0000	14400.0000	14600.0000	14300.0000	14600.0000	578270	8402350000
MCG	2016-04-21T00:00:00+07:00	3300.0000	3500.0000	3100.0000	3300.0000	3300.0000	3200.0000	3200.0000	26800	87190000
MCP	2016-04-21T00:00:00+07:00	11700.0000	12500.0000	10900.0000	11900.0000	11900.0000	11900.0000	11900.0000	10	120000
MDG	2016-04-21T00:00:00+07:00	8800.0000	9400.0000	8200.0000	8600.0000	9000.0000	8600.0000	9000.0000	37500	323240000
MHC	2016-04-21T00:00:00+07:00	12400.0000	13200.0000	11600.0000	12500.0000	12900.0000	12400.0000	12700.0000	283830	3584190000
MSN	2016-04-21T00:00:00+07:00	67500.0000	72000.0000	63000.0000	67500.0000	70000.0000	67500.0000	70000.0000	334330	23051860000
MWG	2016-04-21T00:00:00+07:00	74000.0000	79000.0000	69000.0000	74000.0000	74000.0000	73000.0000	74000.0000	27270	1996080000
NAF	2016-04-21T00:00:00+07:00	29300.0000	31300.0000	27300.0000	29200.0000	29700.0000	29200.0000	29600.0000	191410	5639750000
NAV	2016-04-21T00:00:00+07:00	9200.0000	9800.0000	8600.0000	8700.0000	8700.0000	8600.0000	8600.0000	160	1390000
NBB	2016-04-21T00:00:00+07:00	16200.0000	17300.0000	15100.0000	16700.0000	16700.0000	16300.0000	16400.0000	61610	1018460000
NCT	2016-04-21T00:00:00+07:00	119000.0000	127000.0000	111000.0000	120000.0000	120000.0000	118000.0000	119000.0000	26180	3123550000
NKG	2016-04-21T00:00:00+07:00	15000.0000	16000.0000	14000.0000	15000.0000	16000.0000	15000.0000	16000.0000	445100	7062520000
NLG	2016-04-21T00:00:00+07:00	22300.0000	23800.0000	20800.0000	22300.0000	22500.0000	22300.0000	22300.0000	75160	1678690000
NNC	2016-04-21T00:00:00+07:00	65500.0000	70000.0000	61000.0000	67000.0000	69000.0000	66500.0000	67000.0000	48530	3277520000
NSC	2016-04-21T00:00:00+07:00	94000.0000	100000.0000	87500.0000	0.0000	0.0000	0.0000	94000.0000	0	0
NT2	2016-04-21T00:00:00+07:00	30600.0000	32700.0000	28500.0000	30600.0000	30600.0000	29500.0000	29500.0000	665630	19860280000
NTL	2016-04-21T00:00:00+07:00	9600.0000	10200.0000	9000.0000	9600.0000	9800.0000	9500.0000	9600.0000	233460	2258460000
NVT	2016-04-21T00:00:00+07:00	2400.0000	2500.0000	2300.0000	2500.0000	2500.0000	2500.0000	2500.0000	34170	85430000
OGC	2016-04-21T00:00:00+07:00	2900.0000	3100.0000	2700.0000	3100.0000	3100.0000	3000.0000	3100.0000	3637420	11274590000
OPC	2016-04-21T00:00:00+07:00	36500.0000	39000.0000	34000.0000	36300.0000	36300.0000	36300.0000	36300.0000	500	18150000
PAC	2016-04-21T00:00:00+07:00	37900.0000	40500.0000	35300.0000	38400.0000	38400.0000	37500.0000	38000.0000	50930	1938630000
PAN	2016-04-21T00:00:00+07:00	33500.0000	35800.0000	31200.0000	34000.0000	34000.0000	33100.0000	33600.0000	25910	869590000
PDN	2016-04-21T00:00:00+07:00	41500.0000	44400.0000	38600.0000	42300.0000	42300.0000	39800.0000	41500.0000	1570	62630000
PDR	2016-04-21T00:00:00+07:00	15200.0000	16200.0000	14200.0000	15200.0000	15400.0000	15100.0000	15300.0000	845890	12869420000
PET	2016-04-21T00:00:00+07:00	12500.0000	13300.0000	11700.0000	12600.0000	12800.0000	12600.0000	12700.0000	131900	1673120000
PGC	2016-04-21T00:00:00+07:00	10700.0000	11400.0000	10000.0000	10600.0000	10700.0000	10600.0000	10600.0000	9500	100820000
PGD	2016-04-21T00:00:00+07:00	42900.0000	45900.0000	39900.0000	42900.0000	43500.0000	42900.0000	43500.0000	662420	28727580000
PGI	2016-04-21T00:00:00+07:00	15400.0000	16400.0000	14400.0000	15300.0000	16100.0000	15200.0000	15500.0000	198500	3054700000
PHR	2016-04-21T00:00:00+07:00	18100.0000	19300.0000	16900.0000	18500.0000	19200.0000	18500.0000	18800.0000	352320	6631890000
PIT	2016-04-21T00:00:00+07:00	7400.0000	7900.0000	6900.0000	0.0000	0.0000	0.0000	7400.0000	0	0
PJT	2016-04-21T00:00:00+07:00	10500.0000	11200.0000	9800.0000	0.0000	0.0000	0.0000	10500.0000	0	0
PNC	2016-04-21T00:00:00+07:00	11600.0000	12400.0000	10800.0000	0.0000	0.0000	0.0000	11600.0000	0	0
PNJ	2016-04-21T00:00:00+07:00	51500.0000	55000.0000	47900.0000	51500.0000	53500.0000	51500.0000	52500.0000	84740	4452790000
POM	2016-04-21T00:00:00+07:00	9100.0000	9700.0000	8500.0000	9700.0000	9700.0000	9000.0000	9700.0000	5550	52890000
PPC	2016-04-21T00:00:00+07:00	17700.0000	18900.0000	16500.0000	17700.0000	18200.0000	17700.0000	18000.0000	310170	5577830000
PPI	2016-04-21T00:00:00+07:00	5200.0000	5500.0000	4900.0000	5100.0000	5200.0000	5000.0000	5000.0000	483820	2439440000
PTB	2016-04-21T00:00:00+07:00	104000.0000	111000.0000	97000.0000	104000.0000	104000.0000	103000.0000	104000.0000	17670	1834670000
PTC	2016-04-21T00:00:00+07:00	6500.0000	6900.0000	6100.0000	0.0000	0.0000	0.0000	6500.0000	0	0
PTL	2016-04-21T00:00:00+07:00	1800.0000	1900.0000	1700.0000	1900.0000	1900.0000	1800.0000	1800.0000	61400	111880000
PVD	2016-04-21T00:00:00+07:00	22600.0000	24100.0000	21100.0000	23200.0000	24100.0000	23200.0000	23900.0000	1581360	37293000000
PVT	2016-04-21T00:00:00+07:00	10500.0000	11200.0000	9800.0000	10600.0000	10800.0000	10500.0000	10600.0000	1534560	16335940000
PXI	2016-04-21T00:00:00+07:00	5300.0000	5600.0000	5000.0000	5300.0000	5400.0000	5200.0000	5300.0000	72120	380420000
PXL	2016-04-21T00:00:00+07:00	1600.0000	1700.0000	1500.0000	1700.0000	1700.0000	1600.0000	1700.0000	133390	214740000
PXS	2016-04-21T00:00:00+07:00	12600.0000	13400.0000	11800.0000	12900.0000	13300.0000	12900.0000	13200.0000	617780	8079460000
PXT	2016-04-21T00:00:00+07:00	4900.0000	5200.0000	4600.0000	5200.0000	5200.0000	5000.0000	5000.0000	533250	2718610000
QBS	2016-04-21T00:00:00+07:00	7100.0000	7500.0000	6700.0000	7100.0000	7300.0000	7100.0000	7100.0000	681470	4891150000
QCG	2016-04-21T00:00:00+07:00	4600.0000	4900.0000	4300.0000	4600.0000	4700.0000	4600.0000	4600.0000	88690	409890000
RAL	2016-04-21T00:00:00+07:00	80000.0000	85500.0000	74500.0000	80000.0000	80000.0000	78500.0000	79500.0000	14340	1139290000
RDP	2016-04-21T00:00:00+07:00	29700.0000	31700.0000	27700.0000	29700.0000	30000.0000	29300.0000	29800.0000	5660	166350000
REE	2016-04-21T00:00:00+07:00	22800.0000	24300.0000	21300.0000	22800.0000	23000.0000	22800.0000	23000.0000	141050	3231220000
RIC	2016-04-21T00:00:00+07:00	9100.0000	9700.0000	8500.0000	9700.0000	9700.0000	9700.0000	9700.0000	10	100000
SAM	2016-04-21T00:00:00+07:00	9300.0000	9900.0000	8700.0000	9300.0000	9300.0000	9200.0000	9300.0000	265060	2457600000
SAV	2016-04-21T00:00:00+07:00	9200.0000	9800.0000	8600.0000	9800.0000	9800.0000	9500.0000	9500.0000	320	3040000
SBA	2016-04-21T00:00:00+07:00	9400.0000	10000.0000	8800.0000	9400.0000	9500.0000	9400.0000	9500.0000	13810	129820000
SBT	2016-04-21T00:00:00+07:00	31800.0000	34000.0000	29600.0000	31700.0000	32500.0000	31300.0000	32500.0000	1258660	39971050000
SC5	2016-04-21T00:00:00+07:00	25900.0000	27700.0000	24100.0000	25100.0000	25500.0000	25000.0000	25000.0000	2600	65210000
SCD	2016-04-21T00:00:00+07:00	47500.0000	50500.0000	44200.0000	48500.0000	49800.0000	48500.0000	49000.0000	170	8300000
SFC	2016-04-21T00:00:00+07:00	24400.0000	26100.0000	22700.0000	0.0000	0.0000	0.0000	24400.0000	0	0
SFG	2016-04-21T00:00:00+07:00	14700.0000	15700.0000	13700.0000	14600.0000	14800.0000	14600.0000	14700.0000	16740	245460000
SFI	2016-04-21T00:00:00+07:00	30300.0000	32400.0000	28200.0000	30300.0000	30900.0000	30300.0000	30900.0000	470	14310000
SGT	2016-04-21T00:00:00+07:00	4000.0000	4200.0000	3800.0000	3800.0000	3800.0000	3800.0000	3800.0000	500	1900000
SHI	2016-04-21T00:00:00+07:00	10800.0000	11500.0000	10100.0000	10900.0000	11100.0000	10800.0000	10900.0000	1099800	12020600000
SHP	2016-04-21T00:00:00+07:00	18500.0000	19700.0000	17300.0000	18300.0000	18300.0000	18200.0000	18200.0000	5870	106930000
SII	2016-04-21T00:00:00+07:00	22300.0000	23800.0000	20800.0000	23400.0000	23400.0000	22300.0000	22300.0000	30	690000
SJD	2016-04-21T00:00:00+07:00	24900.0000	26600.0000	23200.0000	24400.0000	25000.0000	24400.0000	24500.0000	15070	373050000
SJS	2016-04-21T00:00:00+07:00	20300.0000	21700.0000	18900.0000	20300.0000	20300.0000	19900.0000	20300.0000	88180	1770960000
SKG	2016-04-21T00:00:00+07:00	126000.0000	134000.0000	118000.0000	126000.0000	127000.0000	126000.0000	126000.0000	24380	3074080000
SMA	2016-04-21T00:00:00+07:00	5300.0000	5600.0000	5000.0000	5100.0000	5200.0000	5100.0000	5200.0000	36210	187400000
SMC	2016-04-21T00:00:00+07:00	10500.0000	11200.0000	9800.0000	10500.0000	10500.0000	10500.0000	10500.0000	5000	52500000
SPM	2016-04-21T00:00:00+07:00	18900.0000	20200.0000	17600.0000	19400.0000	19400.0000	18900.0000	18900.0000	1010	19090000
SRC	2016-04-21T00:00:00+07:00	32100.0000	34300.0000	29900.0000	32200.0000	32500.0000	32000.0000	32500.0000	74720	2401150000
SRF	2016-04-21T00:00:00+07:00	17700.0000	18900.0000	16500.0000	17500.0000	18200.0000	17500.0000	18200.0000	4970	88700000
SSC	2016-04-21T00:00:00+07:00	46000.0000	49200.0000	42800.0000	0.0000	0.0000	0.0000	46000.0000	0	0
SSI	2016-04-21T00:00:00+07:00	21200.0000	22600.0000	19800.0000	21500.0000	21500.0000	21100.0000	21200.0000	1740550	36973810000
ST8	2016-04-21T00:00:00+07:00	23600.0000	25200.0000	22000.0000	23600.0000	23600.0000	23400.0000	23500.0000	12330	289950000
STB	2016-04-21T00:00:00+07:00	10000.0000	10700.0000	9300.0000	9900.0000	10400.0000	9900.0000	10200.0000	2322450	23439250000
STG	2016-04-21T00:00:00+07:00	14900.0000	15900.0000	13900.0000	15000.0000	15000.0000	14900.0000	15000.0000	1760	26400000
STK	2016-04-21T00:00:00+07:00	27900.0000	29800.0000	26000.0000	27800.0000	28000.0000	27800.0000	28000.0000	27700	772800000
STT	2016-04-21T00:00:00+07:00	4900.0000	5200.0000	4600.0000	4900.0000	5200.0000	4900.0000	5200.0000	300	1540000
SVC	2016-04-21T00:00:00+07:00	32000.0000	34200.0000	29800.0000	32000.0000	32600.0000	31900.0000	32600.0000	59260	1905130000
SVI	2016-04-21T00:00:00+07:00	38300.0000	40900.0000	35700.0000	36100.0000	36300.0000	36100.0000	36300.0000	710	25630000
SVT	2016-04-21T00:00:00+07:00	12600.0000	13400.0000	11800.0000	0.0000	0.0000	0.0000	12600.0000	0	0
SZL	2016-04-21T00:00:00+07:00	20500.0000	21900.0000	19100.0000	21500.0000	21500.0000	20100.0000	20900.0000	4150	86550000
TAC	2016-04-21T00:00:00+07:00	51000.0000	54500.0000	47500.0000	51000.0000	51000.0000	48000.0000	48000.0000	80	3880000
TBC	2016-04-21T00:00:00+07:00	25000.0000	26700.0000	23300.0000	24500.0000	24500.0000	24500.0000	24500.0000	30	740000
TCL	2016-04-21T00:00:00+07:00	28900.0000	30900.0000	26900.0000	28800.0000	29000.0000	28500.0000	28700.0000	5690	163350000
TCM	2016-04-21T00:00:00+07:00	24900.0000	26600.0000	23200.0000	24900.0000	25400.0000	24900.0000	25200.0000	244110	6134660000
TCO	2016-04-21T00:00:00+07:00	11500.0000	11000.0000	9600.0000	10600.0000	10600.0000	10200.0000	10400.0000	1330	13830000
TCR	2016-04-21T00:00:00+07:00	9300.0000	9900.0000	8700.0000	8700.0000	9000.0000	8700.0000	8700.0000	124520	1083690000
TCT	2016-04-21T00:00:00+07:00	57000.0000	60500.0000	53500.0000	55000.0000	58500.0000	55000.0000	56500.0000	27530	1570450000
TDC	2016-04-21T00:00:00+07:00	7100.0000	7500.0000	6700.0000	6900.0000	6900.0000	6700.0000	6800.0000	433450	2949690000
TDH	2016-04-21T00:00:00+07:00	13600.0000	14500.0000	12700.0000	13500.0000	14100.0000	13300.0000	13900.0000	163030	2236190000
TDW	2016-04-21T00:00:00+07:00	26000.0000	27800.0000	24200.0000	27400.0000	27500.0000	27200.0000	27500.0000	290	7900000
THG	2016-04-21T00:00:00+07:00	42000.0000	44900.0000	39100.0000	43000.0000	43000.0000	42000.0000	42200.0000	4310	181160000
TIC	2016-04-21T00:00:00+07:00	11200.0000	11900.0000	10500.0000	11200.0000	11200.0000	11200.0000	11200.0000	5490	61490000
TIE	2016-04-21T00:00:00+07:00	14700.0000	15700.0000	13700.0000	14000.0000	15400.0000	14000.0000	14100.0000	42440	604260000
TIX	2016-04-21T00:00:00+07:00	25500.0000	27200.0000	23800.0000	0.0000	0.0000	0.0000	25500.0000	0	0
TLG	2016-04-21T00:00:00+07:00	66500.0000	71000.0000	62000.0000	65500.0000	67500.0000	65500.0000	66500.0000	2950	197270000
TLH	2016-04-21T00:00:00+07:00	7500.0000	8000.0000	7000.0000	7600.0000	7800.0000	7500.0000	7600.0000	657400	4972390000
TMP	2016-04-21T00:00:00+07:00	28000.0000	29900.0000	26100.0000	28100.0000	28100.0000	28000.0000	28000.0000	1210	33890000
TMS	2016-04-21T00:00:00+07:00	67000.0000	71500.0000	62500.0000	67000.0000	67000.0000	65000.0000	67000.0000	5320	351540000
TMT	2016-04-21T00:00:00+07:00	40000.0000	42800.0000	37200.0000	37900.0000	38900.0000	37200.0000	38000.0000	284870	10700190000
TNA	2016-04-21T00:00:00+07:00	53000.0000	56500.0000	49300.0000	53000.0000	56000.0000	53000.0000	54000.0000	34020	1870580000
TNC	2016-04-21T00:00:00+07:00	9000.0000	9600.0000	8400.0000	8900.0000	9000.0000	8900.0000	9000.0000	20	180000
TNT	2016-04-21T00:00:00+07:00	23400.0000	25000.0000	21800.0000	23400.0000	23500.0000	23200.0000	23200.0000	236550	5501570000
TPC	2016-04-21T00:00:00+07:00	7300.0000	7800.0000	6800.0000	0.0000	0.0000	0.0000	7300.0000	0	0
TRA	2016-04-21T00:00:00+07:00	110000.0000	117000.0000	103000.0000	113000.0000	113000.0000	110000.0000	113000.0000	1620	179940000
TRC	2016-04-21T00:00:00+07:00	23600.0000	25200.0000	22000.0000	23600.0000	24400.0000	23600.0000	24300.0000	111310	2683840000
TS4	2016-04-21T00:00:00+07:00	7800.0000	8300.0000	7300.0000	7800.0000	7800.0000	7800.0000	7800.0000	5500	42900000
TSC	2016-04-21T00:00:00+07:00	8700.0000	9300.0000	8100.0000	8700.0000	8700.0000	8500.0000	8500.0000	1591520	13703050000
TTF	2016-04-21T00:00:00+07:00	29000.0000	31000.0000	27000.0000	29000.0000	29000.0000	27600.0000	28000.0000	344300	9727890000
TV1	2016-04-21T00:00:00+07:00	13200.0000	14100.0000	12300.0000	13100.0000	13200.0000	13100.0000	13200.0000	1510	19780000
TVS	2016-04-21T00:00:00+07:00	13100.0000	14000.0000	12200.0000	13100.0000	13200.0000	13100.0000	13200.0000	61300	803560000
TYA	2016-04-21T00:00:00+07:00	12300.0000	13100.0000	11500.0000	12800.0000	12800.0000	12500.0000	12800.0000	48100	610570000
UDC	2016-04-21T00:00:00+07:00	3200.0000	3400.0000	3000.0000	3100.0000	3300.0000	3100.0000	3300.0000	15020	48360000
UIC	2016-04-21T00:00:00+07:00	23000.0000	24600.0000	21400.0000	22600.0000	22700.0000	22500.0000	22700.0000	25580	575580000
VAF	2016-04-21T00:00:00+07:00	17600.0000	18800.0000	16400.0000	17700.0000	17700.0000	17300.0000	17300.0000	15860	274420000
VCB	2016-04-21T00:00:00+07:00	42800.0000	45700.0000	39900.0000	42800.0000	43200.0000	42600.0000	42900.0000	818280	35160300000
VCF	2016-04-21T00:00:00+07:00	176000.0000	188000.0000	164000.0000	168000.0000	168000.0000	168000.0000	168000.0000	40	6720000
VFG	2016-04-21T00:00:00+07:00	67500.0000	72000.0000	63000.0000	67500.0000	67500.0000	64500.0000	64500.0000	31720	2081750000
VHC	2016-04-21T00:00:00+07:00	29200.0000	31200.0000	27200.0000	29300.0000	29600.0000	29000.0000	29000.0000	47080	1387040000
VHG	2016-04-21T00:00:00+07:00	5500.0000	5800.0000	5200.0000	5600.0000	5700.0000	5500.0000	5500.0000	2455860	13716840000
VIC	2016-04-21T00:00:00+07:00	50500.0000	54000.0000	47000.0000	51500.0000	52500.0000	50500.0000	51500.0000	1196330	61722130000
VID	2016-04-21T00:00:00+07:00	4400.0000	4700.0000	4100.0000	4100.0000	4400.0000	4100.0000	4400.0000	590	2430000
VIP	2016-04-21T00:00:00+07:00	9200.0000	9800.0000	8600.0000	9100.0000	9500.0000	9100.0000	9300.0000	445370	4138240000
VIS	2016-04-21T00:00:00+07:00	8000.0000	8500.0000	7500.0000	8000.0000	8100.0000	7900.0000	8000.0000	519820	4149730000
VLF	2016-04-21T00:00:00+07:00	1200.0000	1300.0000	1100.0000	1200.0000	1200.0000	1100.0000	1100.0000	3510	3870000
VMD	2016-04-21T00:00:00+07:00	29600.0000	31600.0000	27600.0000	29000.0000	29200.0000	29000.0000	29000.0000	80290	2328410000
VNA	2016-04-21T00:00:00+07:00	2400.0000	2500.0000	2300.0000	2300.0000	2400.0000	2300.0000	2400.0000	20	50000
VNE	2016-04-21T00:00:00+07:00	9600.0000	10200.0000	9000.0000	9600.0000	10200.0000	9600.0000	10200.0000	1147380	11505110000
VNG	2016-04-21T00:00:00+07:00	11700.0000	12500.0000	10900.0000	11600.0000	11800.0000	11600.0000	11800.0000	31450	368600000
VNH	2016-04-21T00:00:00+07:00	1200.0000	1300.0000	1100.0000	1100.0000	1200.0000	1100.0000	1200.0000	80880	94540000
VNL	2016-04-21T00:00:00+07:00	26700.0000	28500.0000	24900.0000	26500.0000	26500.0000	26500.0000	26500.0000	50	1330000
VNM	2016-04-21T00:00:00+07:00	136000.0000	145000.0000	127000.0000	137000.0000	138000.0000	135000.0000	137000.0000	748780	102136410000
VNS	2016-04-21T00:00:00+07:00	27900.0000	29800.0000	26000.0000	28200.0000	29200.0000	28200.0000	28500.0000	409740	11809870000
VOS	2016-04-21T00:00:00+07:00	2300.0000	2400.0000	2200.0000	2300.0000	2400.0000	2200.0000	2300.0000	82430	189630000
VPH	2016-04-21T00:00:00+07:00	11000.0000	11700.0000	10300.0000	11400.0000	11400.0000	11000.0000	11300.0000	242050	2707870000
VPK	2016-04-21T00:00:00+07:00	21700.0000	23200.0000	20200.0000	21500.0000	21500.0000	20200.0000	21400.0000	2280	46220000
VPS	2016-04-21T00:00:00+07:00	21500.0000	23000.0000	20000.0000	20500.0000	21200.0000	20200.0000	21200.0000	1610	32980000
VRC	2016-04-21T00:00:00+07:00	6200.0000	6600.0000	5800.0000	6500.0000	6500.0000	6500.0000	6500.0000	10	70000
VSC	2016-04-21T00:00:00+07:00	57500.0000	61500.0000	53500.0000	57000.0000	58000.0000	57000.0000	57500.0000	26330	1514400000
VSH	2016-04-21T00:00:00+07:00	14800.0000	15800.0000	13800.0000	14800.0000	14800.0000	14500.0000	14800.0000	10010	147580000
VSI	2016-04-21T00:00:00+07:00	14700.0000	15700.0000	13700.0000	14700.0000	14700.0000	14000.0000	14000.0000	57750	823350000
VTB	2016-04-21T00:00:00+07:00	13800.0000	14700.0000	12900.0000	13800.0000	14500.0000	12900.0000	13800.0000	3190	43000000
VTO	2016-04-21T00:00:00+07:00	6500.0000	6900.0000	6100.0000	6500.0000	6600.0000	6500.0000	6500.0000	84130	554850000
