source	ticker	market	date	yyyymmdd	shli	shou	shfn	pref	pcei	pflr	popn	phgh	plow	pbase	pavg	pcls	vlm	trn	adj_pcls	adj_coeff
EXC	AAM	HSX	2016/04/21	20160421				10100	10800	9400	10400	10500	10100		10220	10100	3300	33720000		
EXC	ABT	HSX	2016/04/21	20160421				48500	51500	45200	46900	49500	46900		48630	49500	30	1460000		
EXC	ACC	HSX	2016/04/21	20160421				27700	29600	25800	27100	27500	27100		27140	27500	1760	47780000		
EXC	ACL	HSX	2016/04/21	20160421				9900	10500	9300	0	0	0		0	0	0	0		
EXC	AGF	HSX	2016/04/21	20160421				11400	12100	10700	11500	12100	10700		10960	11000	8090	88630000		
EXC	AGM	HSX	2016/04/21	20160421				13200	14100	12300	13400	13400	12800		13010	13200	20230	263110000		
EXC	AGR	HSX	2016/04/21	20160421				2900	3100	2700	2900	3000	2900		2900	3000	58180	168740000		
EXC	AMD	HSX	2016/04/21	20160421				11700	12500	10900	11600	11900	11600		11770	11800	1358810	15998540000		
EXC	ANV	HSX	2016/04/21	20160421				7100	7500	6700	7100	7400	6800		7020	7400	1550	10880000		
EXC	APC	HSX	2016/04/21	20160421				16800	17900	15700	16800	17100	16700		16880	16800	28600	482860000		
EXC	ASM	HSX	2016/04/21	20160421				17900	19100	16700	17800	18100	17800		17970	18000	1019620	18323460000		
EXC	ASP	HSX	2016/04/21	20160421				5800	6200	5400	5400	5600	5400		5420	5400	173540	940070000		
EXC	ATA	HSX	2016/04/21	20160421				6300	6700	5900	6000	6100	5900		5940	5900	370140	2197300000		
EXC	BBC	HSX	2016/04/21	20160421				70000	74500	65500	70000	71000	69500		69660	70000	8840	615800000		
EXC	BCE	HSX	2016/04/21	20160421				6500	6900	6100	6500	6800	6500		6660	6700	157920	1051100000		
EXC	BCG	HSX	2016/04/21	20160421				6700	7100	6300	6800	7100	6700		6950	7000	572640	3979900000		
EXC	BCI	HSX	2016/04/21	20160421				24400	26100	22700	24100	24400	23800		24170	23800	35610	860560000		
EXC	BFC	HSX	2016/04/21	20160421				32300	34500	30100	32200	32500	32000		32150	32100	67550	2171730000		
EXC	BGM	HSX	2016/04/21	20160421				2800	2900	2700	2800	2900	2700		2730	2700	1264000	3448120000		
EXC	BHS	HSX	2016/04/21	20160421				18900	20200	17600	18900	20000	18900		19370	20000	7285760	141126170000		
EXC	BIC	HSX	2016/04/21	20160421				20200	21600	18800	20500	20900	20200		20400	20300	33370	680790000		
EXC	BID	HSX	2016/04/21	20160421				15700	16700	14700	15800	15900	15600		15760	15900	854710	13473570000		
EXC	BMC	HSX	2016/04/21	20160421				17100	18200	16000	16900	17100	16900		17000	17000	1200	20400000		
EXC	BMI	HSX	2016/04/21	20160421				23800	25400	22200	24000	24000	22400		23850	24000	36420	868500000		
EXC	BMP	HSX	2016/04/21	20160421				133000	142000	124000	135000	137000	134000		134640	135000	105960	14265950000		
EXC	BRC	HSX	2016/04/21	20160421				10100	10800	9400	9700	10200	9700		9700	10200	5410	52480000		
EXC	BSI	HSX	2016/04/21	20160421				9400	10000	8800	9400	9700	9300		9380	9300	1400	13130000		
EXC	BTP	HSX	2016/04/21	20160421				16800	17900	15700	15700	15800	15700		15700	15700	146890	2306270000		
EXC	BTT	HSX	2016/04/21	20160421				37100	39600	34600	0	0	0		0	0	0	0		
EXC	BVH	HSX	2016/04/21	20160421				51500	55000	47900	51000	54500	51000		53170	53000	512950	27272500000		
EXC	C32	HSX	2016/04/21	20160421				47500	50500	44200	47500	50500	47500		49310	50500	276740	13645180000		
EXC	C47	HSX	2016/04/21	20160421				12500	13300	11700	12400	13300	12200		12960	13200	244010	3161460000		
EXC	CAV	HSX	2016/04/21	20160421				73500	78500	68500	73500	74500	73500		73990	74500	92240	6825020000		
EXC	CCI	HSX	2016/04/21	20160421				11000	11700	10300	0	0	0		0	0	0	0		
EXC	CCL	HSX	2016/04/21	20160421				3900	4100	3700	3700	3700	3700		3700	3700	182440	675030000		
EXC	CDC	HSX	2016/04/21	20160421				9400	10000	8800	9600	9600	9100		9250	9400	1630	15070000		
EXC	CDO	HSX	2016/04/21	20160421				29400	31400	27400	29400	29500	29300		29430	29400	1099880	32365030000		
EXC	CIG	HSX	2016/04/21	20160421				1900	2000	1800	1900	1900	1900		1900	1900	200	380000		
EXC	CII	HSX	2016/04/21	20160421				24600	26300	22900	24600	24800	24400		24470	24800	2448200	59903250000		
EXC	CLC	HSX	2016/04/21	20160421				60000	64000	56000	59000	60000	59000		59000	60000	11640	686780000		
EXC	CLG	HSX	2016/04/21	20160421				3800	4000	3600	3700	3900	3600		3630	3900	20470	74280000		
EXC	CLL	HSX	2016/04/21	20160421				25000	26700	23300	24500	25900	24500		25390	25300	32970	837100000		
EXC	CLW	HSX	2016/04/21	20160421				18200	19400	17000	0	0	0		0	0	0	0		
EXC	CMG	HSX	2016/04/21	20160421				14600	15600	13600	14600	15400	14600		14870	14900	25800	383700000		
EXC	CMT	HSX	2016/04/21	20160421				13800	14700	12900	12900	13700	12900		13130	13700	70	920000		
EXC	CMV	HSX	2016/04/21	20160421				14600	15600	13600	14600	14600	14500		14580	14500	12000	175000000		
EXC	CMX	HSX	2016/04/21	20160421				4900	5200	4600	4900	4900	4700		4830	4900	7070	34110000		
EXC	CNG	HSX	2016/04/21	20160421				38000	40600	35400	38900	39200	38300		38880	39000	135630	5272930000		
EXC	COM	HSX	2016/04/21	20160421				46000	49200	42800	42800	44900	42800		43850	44900	20	880000		
EXC	CSM	HSX	2016/04/21	20160421				31400	33500	29300	31300	31800	31300		31570	31600	298860	9436450000		
EXC	CSV	HSX	2016/04/21	20160421				23000	24600	21400	23000	23800	22800		23260	23200	249620	5804930000		
EXC	CTD	HSX	2016/04/21	20160421				170000	181000	159000	178000	178000	170000		176030	170000	356510	62757140000		
EXC	CTG	HSX	2016/04/21	20160421				16000	17100	14900	16100	16100	15900		16020	16000	436360	6989450000		
EXC	CTI	HSX	2016/04/21	20160421				22500	24000	21000	22600	22900	22600		22730	22700	164850	3746350000		
EXC	CYC	HSX	2016/04/21	20160421				2900	3100	2700	0	0	0		0	0	0	0		
EXC	D2D	HSX	2016/04/21	20160421				31000	33100	28900	33100	33100	33000		33010	33100	550	18160000		
EXC	DAG	HSX	2016/04/21	20160421				11100	11800	10400	11100	11300	11100		11220	11200	191860	2152330000		
EXC	DAT	HSX	2016/04/21	20160421				33600	35900	31300	33700	33900	33700		33820	33900	11710	395980000		
EXC	DCL	HSX	2016/04/21	20160421				22800	24300	21300	24300	24300	23100		24160	24300	404350	9771070000		
EXC	DCM	HSX	2016/04/21	20160421				12700	13500	11900	12700	12800	12700		12720	12800	53110	675810000		
EXC	DGW	HSX	2016/04/21	20160421				26200	28000	24400	26900	26900	26600		26720	26600	22850	610480000		
EXC	DHA	HSX	2016/04/21	20160421				24100	25700	22500	24100	24100	23600		23830	23900	74630	1778550000		
EXC	DHC	HSX	2016/04/21	20160421				36800	39300	34300	36800	37200	36700		36880	37200	113050	4169250000		
EXC	DHG	HSX	2016/04/21	20160421				84500	90000	79000	85000	85500	84000		84690	85000	65360	5535190000		
EXC	DHM	HSX	2016/04/21	20160421				10700	11400	10000	10600	10800	10200		10510	10800	1597940	16796650000		
EXC	DIC	HSX	2016/04/21	20160421				6600	7000	6200	6600	6800	6600		6740	6800	181320	1221910000		
EXC	DIG	HSX	2016/04/21	20160421				7800	8300	7300	7800	8100	7700		7920	8000	864080	6843880000		
EXC	DLG	HSX	2016/04/21	20160421				7300	7800	6800	7300	7300	7100		7220	7200	1259930	9096260000		
EXC	DMC	HSX	2016/04/21	20160421				72000	77000	67000	73000	73500	72000		72600	72500	70920	5148690000		
EXC	DPM	HSX	2016/04/21	20160421				29700	31700	27700	29900	29900	29500		29640	29500	521370	15455330000		
EXC	DPR	HSX	2016/04/21	20160421				37600	40200	35000	38400	39000	38100		38480	39000	11900	457950000		
EXC	DQC	HSX	2016/04/21	20160421				65500	70000	61000	65000	67000	65000		65950	67000	13710	904200000		
EXC	DRC	HSX	2016/04/21	20160421				44700	47800	41600	44800	45200	44800		44900	44900	135700	6093240000		
EXC	DRH	HSX	2016/04/21	20160421				36700	39200	34200	38500	38800	37600		38270	38800	144610	5534180000		
EXC	DRL	HSX	2016/04/21	20160421				34000	36300	31700	0	0	0		0	0	0	0		
EXC	DSN	HSX	2016/04/21	20160421				63500	67500	59500	63500	63500	63000		63430	63000	15110	958390000		
EXC	DTA	HSX	2016/04/21	20160421				5000	5300	4700	5100	5100	5100		5100	5100	50	260000		
EXC	DTL	HSX	2016/04/21	20160421				10600	11300	9900	10400	10400	10000		10120	10000	3000	30350000		
EXC	DTT	HSX	2016/04/21	20160421				10200	10900	9500	9500	10900	9500		9600	10900	290	2780000		
EXC	DVP	HSX	2016/04/21	20160421				72000	77000	67000	72500	72500	70500		70840	72500	1660	117590000		
EXC	DXG	HSX	2016/04/21	20160421				15500	16500	14500	15600	15700	15100		15370	15200	567670	8725020000		
EXC	DXV	HSX	2016/04/21	20160421				4100	4300	3900	4100	4100	4100		4100	4100	100	410000		
EXC	E1VFVN30	HSX	2016/04/21	20160421				9200	9800	8600	9200	9300	9200		9270	9300	4010	37190000		
EXC	EIB	HSX	2016/04/21	20160421				10400	11100	9700	10400	10500	10300		10410	10500	376310	3916000000		
EXC	ELC	HSX	2016/04/21	20160421				22300	23800	20800	22300	22800	22200		22510	22700	180220	4056040000		
EXC	EMC	HSX	2016/04/21	20160421				10600	11300	9900	10900	10900	10900		10900	10900	20	220000		
EXC	EVE	HSX	2016/04/21	20160421				42000	44900	39100	42200	44800	42200		43780	43800	413520	18102170000		
EXC	FCM	HSX	2016/04/21	20160421				5400	5700	5100	5500	5600	5500		5500	5500	243610	1340460000		
EXC	FCN	HSX	2016/04/21	20160421				21500	23000	20000	21500	21700	21300		21490	21500	247030	5308560000		
EXC	FDC	HSX	2016/04/21	20160421				27800	29700	25900	0	0	0		0	0	0	0		
EXC	FIT	HSX	2016/04/21	20160421				7200	7700	6700	7200	7300	7100		7200	7200	853290	6141780000		
EXC	FLC	HSX	2016/04/21	20160421				6400	6800	6000	6400	6500	6300		6400	6400	3270320	20928830000		
EXC	FMC	HSX	2016/04/21	20160421				20500	21900	19100	20500	21100	20400		20600	21100	53050	1092750000		
EXC	FPT	HSX	2016/04/21	20160421				47100	50000	43900	47300	47500	47100		47270	47300	496340	23461790000		
EXC	GAS	HSX	2016/04/21	20160421				44800	47900	41700	45700	47600	45700		46780	47600	1430930	66941240000		
EXC	GDT	HSX	2016/04/21	20160421				45400	48500	42300	45000	45400	44000		44160	45300	13420	592580000		
EXC	GIL	HSX	2016/04/21	20160421				35100	37500	32700	35500	35500	35200		35320	35500	8500	300250000		
EXC	GMC	HSX	2016/04/21	20160421				40000	42800	37200	40000	40500	40000		40340	40000	710	28640000		
EXC	GMD	HSX	2016/04/21	20160421				38500	41100	35900	38600	38700	38300		38500	38600	173770	6689970000		
EXC	GSP	HSX	2016/04/21	20160421				14200	15100	13300	14300	14300	14000		14090	14300	38860	547390000		
EXC	GTA	HSX	2016/04/21	20160421				17600	18800	16400	16800	17300	16400		16770	17300	6140	102950000		
EXC	GTN	HSX	2016/04/21	20160421				15800	16900	14700	15700	16200	15700		15940	16200	693660	11056040000		
EXC	GTT	HSX	2016/04/21	20160421				1100	1200	1000	1100	1200	1100		1140	1100	76700	87170000		
EXC	HAG	HSX	2016/04/21	20160421				6700	7100	6300	6700	6900	6700		6790	6800	1657010	11254310000		
EXC	HAH	HSX	2016/04/21	20160421				42800	45700	39900	43100	43100	42800		42930	42900	145980	6267070000		
EXC	HAI	HSX	2016/04/21	20160421				5000	5300	4700	5100	5200	5100		5100	5100	946990	4830700000		
EXC	HAP	HSX	2016/04/21	20160421				5100	5400	4800	5100	5200	5000		5100	5100	231430	1179740000		
EXC	HAR	HSX	2016/04/21	20160421				4500	4800	4200	4500	4600	4500		4550	4600	509400	2316240000		
EXC	HAS	HSX	2016/04/21	20160421				6700	7100	6300	7100	7100	6900		7090	7100	305960	2168890000		
EXC	HAX	HSX	2016/04/21	20160421				18600	19900	17300	19000	19900	18700		19480	19900	10190	198520000		
EXC	HBC	HSX	2016/04/21	20160421				18700	20000	17400	18700	18900	18700		18800	18800	144110	2709100000		
EXC	HCM	HSX	2016/04/21	20160421				28800	30800	26800	29300	29800	29100		29370	29400	379400	11143070000		
EXC	HDC	HSX	2016/04/21	20160421				13400	14300	12500	13300	13300	13000		13140	13300	11250	147820000		
EXC	HDG	HSX	2016/04/21	20160421				27000	28800	25200	26100	27000	26000		26360	27000	11890	313390000		
EXC	HHS	HSX	2016/04/21	20160421				8300	8800	7800	8300	8400	8200		8300	8300	977450	8116330000		
EXC	HLG	HSX	2016/04/21	20160421				7400	7900	6900	6900	7100	6900		6910	6900	22300	154150000		
EXC	HMC	HSX	2016/04/21	20160421				7200	7700	6700	7300	7300	7200		7280	7300	35070	255210000		
EXC	HNG	HSX	2016/04/21	20160421				6800	7200	6400	6800	6900	6700		6820	6800	620220	4226870000		
EXC	HOT	HSX	2016/04/21	20160421				19600	20900	18300	0	0	0		0	0	0	0		
EXC	HPG	HSX	2016/04/21	20160421				31200	33300	29100	31400	32000	31400		31720	31500	3670790	116434740000		
EXC	HQC	HSX	2016/04/21	20160421				5500	5800	5200	5500	5600	5500		5520	5600	3185880	17573640000		
EXC	HRC	HSX	2016/04/21	20160421				37400	40000	34800	34900	37300	34900		34920	37300	1410	49230000		
EXC	HSG	HSX	2016/04/21	20160421				39500	42200	36800	40700	42200	40400		41630	42200	1940040	80769200000		
EXC	HT1	HSX	2016/04/21	20160421				26300	28100	24500	25100	26100	25100		25900	26000	16830	435870000		
EXC	HTI	HSX	2016/04/21	20160421				16900	18000	15800	16700	16900	16500		16730	16900	137810	2305130000		
EXC	HTL	HSX	2016/04/21	20160421				78500	83500	73500	83500	83500	83500		83500	83500	15640	1305940000		
EXC	HTV	HSX	2016/04/21	20160421				16000	17100	14900	0	0	0		0	0	0	0		
EXC	HU1	HSX	2016/04/21	20160421				6600	7000	6200	6300	6600	6300		6300	6600	710	4480000		
EXC	HU3	HSX	2016/04/21	20160421				7200	7700	6700	7300	7300	7100		7240	7100	5000	36200000		
EXC	HVG	HSX	2016/04/21	20160421				10000	10700	9300	10000	10100	10000		10020	10000	291690	2921800000		
EXC	HVX	HSX	2016/04/21	20160421				4300	4600	4000	0	0	0		0	0	0	0		
EXC	ICF	HSX	2016/04/21	20160421				3500	3700	3300	3400	3600	3400		3440	3500	310	1070000		
EXC	IDI	HSX	2016/04/21	20160421				7600	8100	7100	7600	7900	7600		7760	7700	743080	5764260000		
EXC	IJC	HSX	2016/04/21	20160421				7600	8100	7100	7700	7800	7600		7670	7600	416550	3194160000		
EXC	IMP	HSX	2016/04/21	20160421				48400	51500	45100	49900	49900	49500		49740	49500	11830	588410000		
EXC	ITA	HSX	2016/04/21	20160421				4600	4900	4300	4600	4700	4600		4610	4600	1421510	6554490000		
EXC	ITC	HSX	2016/04/21	20160421				7700	8200	7200	7600	7600	7400		7520	7600	207570	1560890000		
EXC	ITD	HSX	2016/04/21	20160421				20700	22100	19300	20700	21200	20700		20940	21000	141000	2952630000		
EXC	JVC	HSX	2016/04/21	20160421				4200	4400	4000	4300	4300	4200		4210	4300	559960	2359790000		
EXC	KAC	HSX	2016/04/21	20160421				8900	9500	8300	9000	9200	8500		8770	8500	200	1750000		
EXC	KBC	HSX	2016/04/21	20160421				12800	13600	12000	12800	13100	12800		12920	12900	1692750	21872420000		
EXC	KDC	HSX	2016/04/21	20160421				24800	26500	23100	24900	25000	24600		24760	24800	254560	6304170000		
EXC	KDH	HSX	2016/04/21	20160421				22900	24500	21300	22700	23100	22700		22920	23000	97780	2240690000		
EXC	KHA	HSX	2016/04/21	20160421				31800	34000	29600	31900	31900	31700		31820	31800	21580	686650000		
EXC	KHP	HSX	2016/04/21	20160421				12400	13200	11600	12300	12400	12300		12310	12300	47460	584060000		
EXC	KMR	HSX	2016/04/21	20160421				7200	7700	6700	7300	7300	6700		6790	6700	1664600	11303320000		
EXC	KPF	HSX	2016/04/21	20160421				8000	8500	7500	8000	8000	7800		7940	7900	260810	2070240000		
EXC	KSA	HSX	2016/04/21	20160421				6300	6700	5900	6200	6300	6100		6210	6300	2300400	14288710000		
EXC	KSB	HSX	2016/04/21	20160421				46200	49400	43000	47000	47600	46200		46830	47200	322730	15113090000		
EXC	KSH	HSX	2016/04/21	20160421				4000	4200	3800	4000	4200	4000		4070	4100	137270	559010000		
EXC	KSS	HSX	2016/04/21	20160421				1100	1200	1000	1200	1200	1100		1100	1100	243980	268750000		
EXC	L10	HSX	2016/04/21	20160421				16400	17500	15300	15600	17100	15600		15710	17100	680	10680000		
EXC	LAF	HSX	2016/04/21	20160421				13300	14200	12400	13500	13500	13300		13390	13400	21310	285320000		
EXC	LBM	HSX	2016/04/21	20160421				24200	25800	22600	24400	24400	23800		23940	24000	3410	81630000		
EXC	LCG	HSX	2016/04/21	20160421				5400	5700	5100	5500	5500	5300		5390	5500	88950	479000000		
EXC	LCM	HSX	2016/04/21	20160421				2700	2800	2600	2700	2800	2700		2790	2800	55070	153840000		
EXC	LDG	HSX	2016/04/21	20160421				8300	8800	7800	7900	7900	7800		7820	7800	1941160	15170230000		
EXC	LGC	HSX	2016/04/21	20160421				19800	21100	18500	19700	20000	19700		19810	20000	1600	31700000		
EXC	LGL	HSX	2016/04/21	20160421				7300	7800	6800	7000	7200	7000		7000	7200	3510	24580000		
EXC	LHG	HSX	2016/04/21	20160421				23500	25100	21900	24100	24700	24000		24330	24400	225810	5493440000		
EXC	LIX	HSX	2016/04/21	20160421				79500	85000	74000	79000	81500	79000		80520	80000	48850	3933530000		
EXC	LM8	HSX	2016/04/21	20160421				29200	31200	27200	29200	29600	29200		29290	29200	21630	633630000		
EXC	LSS	HSX	2016/04/21	20160421				10600	11300	9900	10800	11300	10700		10950	11300	1175040	12861070000		
EXC	MBB	HSX	2016/04/21	20160421				14500	15500	13500	14400	14600	14300		14530	14600	578270	8402350000		
EXC	MCG	HSX	2016/04/21	20160421				3300	3500	3100	3300	3300	3200		3250	3200	26800	87190000		
EXC	MCP	HSX	2016/04/21	20160421				11700	12500	10900	11900	11900	11900		11900	11900	10	120000		
EXC	MDG	HSX	2016/04/21	20160421				8800	9400	8200	8600	9000	8600		8620	9000	37500	323240000		
EXC	MHC	HSX	2016/04/21	20160421				12400	13200	11600	12500	12900	12400		12630	12700	283830	3584190000		
EXC	MSN	HSX	2016/04/21	20160421				67500	72000	63000	67500	70000	67500		68950	70000	334330	23051860000		
EXC	MWG	HSX	2016/04/21	20160421				74000	79000	69000	74000	74000	73000		73200	74000	27270	1996080000		
EXC	NAF	HSX	2016/04/21	20160421				29300	31300	27300	29200	29700	29200		29460	29600	191410	5639750000		
EXC	NAV	HSX	2016/04/21	20160421				9200	9800	8600	8700	8700	8600		8660	8600	160	1390000		
EXC	NBB	HSX	2016/04/21	20160421				16200	17300	15100	16700	16700	16300		16530	16400	61610	1018460000		
EXC	NCT	HSX	2016/04/21	20160421				119000	127000	111000	120000	120000	118000		119310	119000	26180	3123550000		
EXC	NKG	HSX	2016/04/21	20160421				15000	16000	14000	15000	16000	15000		15870	16000	445100	7062520000		
EXC	NLG	HSX	2016/04/21	20160421				22300	23800	20800	22300	22500	22300		22330	22300	75160	1678690000		
EXC	NNC	HSX	2016/04/21	20160421				65500	70000	61000	67000	69000	66500		67540	67000	48530	3277520000		
EXC	NSC	HSX	2016/04/21	20160421				94000	100000	87500	0	0	0		0	0	0	0		
EXC	NT2	HSX	2016/04/21	20160421				30600	32700	28500	30600	30600	29500		29840	29500	665630	19860280000		
EXC	NTL	HSX	2016/04/21	20160421				9600	10200	9000	9600	9800	9500		9670	9600	233460	2258460000		
EXC	NVT	HSX	2016/04/21	20160421				2400	2500	2300	2500	2500	2500		2500	2500	34170	85430000		
EXC	OGC	HSX	2016/04/21	20160421				2900	3100	2700	3100	3100	3000		3100	3100	3637420	11274590000		
EXC	OPC	HSX	2016/04/21	20160421				36500	39000	34000	36300	36300	36300		36300	36300	500	18150000		
EXC	PAC	HSX	2016/04/21	20160421				37900	40500	35300	38400	38400	37500		38060	38000	50930	1938630000		
EXC	PAN	HSX	2016/04/21	20160421				33500	35800	31200	34000	34000	33100		33560	33600	25910	869590000		
EXC	PDN	HSX	2016/04/21	20160421				41500	44400	38600	42300	42300	39800		39890	41500	1570	62630000		
EXC	PDR	HSX	2016/04/21	20160421				15200	16200	14200	15200	15400	15100		15210	15300	845890	12869420000		
EXC	PET	HSX	2016/04/21	20160421				12500	13300	11700	12600	12800	12600		12680	12700	131900	1673120000		
EXC	PGC	HSX	2016/04/21	20160421				10700	11400	10000	10600	10700	10600		10610	10600	9500	100820000		
EXC	PGD	HSX	2016/04/21	20160421				42900	45900	39900	42900	43500	42900		43370	43500	662420	28727580000		
EXC	PGI	HSX	2016/04/21	20160421				15400	16400	14400	15300	16100	15200		15390	15500	198500	3054700000		
EXC	PHR	HSX	2016/04/21	20160421				18100	19300	16900	18500	19200	18500		18820	18800	352320	6631890000		
EXC	PIT	HSX	2016/04/21	20160421				7400	7900	6900	0	0	0		0	0	0	0		
EXC	PJT	HSX	2016/04/21	20160421				10500	11200	9800	0	0	0		0	0	0	0		
EXC	PNC	HSX	2016/04/21	20160421				11600	12400	10800	0	0	0		0	0	0	0		
EXC	PNJ	HSX	2016/04/21	20160421				51500	55000	47900	51500	53500	51500		52550	52500	84740	4452790000		
EXC	POM	HSX	2016/04/21	20160421				9100	9700	8500	9700	9700	9000		9530	9700	5550	52890000		
EXC	PPC	HSX	2016/04/21	20160421				17700	18900	16500	17700	18200	17700		17980	18000	310170	5577830000		
EXC	PPI	HSX	2016/04/21	20160421				5200	5500	4900	5100	5200	5000		5040	5000	483820	2439440000		
EXC	PTB	HSX	2016/04/21	20160421				104000	111000	97000	104000	104000	103000		103830	104000	17670	1834670000		
EXC	PTC	HSX	2016/04/21	20160421				6500	6900	6100	0	0	0		0	0	0	0		
EXC	PTL	HSX	2016/04/21	20160421				1800	1900	1700	1900	1900	1800		1820	1800	61400	111880000		
EXC	PVD	HSX	2016/04/21	20160421				22600	24100	21100	23200	24100	23200		23580	23900	1581360	37293000000		
EXC	PVT	HSX	2016/04/21	20160421				10500	11200	9800	10600	10800	10500		10650	10600	1534560	16335940000		
EXC	PXI	HSX	2016/04/21	20160421				5300	5600	5000	5300	5400	5200		5270	5300	72120	380420000		
EXC	PXL	HSX	2016/04/21	20160421				1600	1700	1500	1700	1700	1600		1610	1700	133390	214740000		
EXC	PXS	HSX	2016/04/21	20160421				12600	13400	11800	12900	13300	12900		13080	13200	617780	8079460000		
EXC	PXT	HSX	2016/04/21	20160421				4900	5200	4600	5200	5200	5000		5100	5000	533250	2718610000		
EXC	QBS	HSX	2016/04/21	20160421				7100	7500	6700	7100	7300	7100		7180	7100	681470	4891150000		
EXC	QCG	HSX	2016/04/21	20160421				4600	4900	4300	4600	4700	4600		4620	4600	88690	409890000		
EXC	RAL	HSX	2016/04/21	20160421				80000	85500	74500	80000	80000	78500		79450	79500	14340	1139290000		
EXC	RDP	HSX	2016/04/21	20160421				29700	31700	27700	29700	30000	29300		29390	29800	5660	166350000		
EXC	REE	HSX	2016/04/21	20160421				22800	24300	21300	22800	23000	22800		22910	23000	141050	3231220000		
EXC	RIC	HSX	2016/04/21	20160421				9100	9700	8500	9700	9700	9700		9700	9700	10	100000		
EXC	SAM	HSX	2016/04/21	20160421				9300	9900	8700	9300	9300	9200		9270	9300	265060	2457600000		
EXC	SAV	HSX	2016/04/21	20160421				9200	9800	8600	9800	9800	9500		9510	9500	320	3040000		
EXC	SBA	HSX	2016/04/21	20160421				9400	10000	8800	9400	9500	9400		9400	9500	13810	129820000		
EXC	SBT	HSX	2016/04/21	20160421				31800	34000	29600	31700	32500	31300		31760	32500	1258660	39971050000		
EXC	SC5	HSX	2016/04/21	20160421				25900	27700	24100	25100	25500	25000		25080	25000	2600	65210000		
EXC	SCD	HSX	2016/04/21	20160421				47500	50500	44200	48500	49800	48500		48810	49000	170	8300000		
EXC	SFC	HSX	2016/04/21	20160421				24400	26100	22700	0	0	0		0	0	0	0		
EXC	SFG	HSX	2016/04/21	20160421				14700	15700	13700	14600	14800	14600		14660	14700	16740	245460000		
EXC	SFI	HSX	2016/04/21	20160421				30300	32400	28200	30300	30900	30300		30440	30900	470	14310000		
EXC	SGT	HSX	2016/04/21	20160421				4000	4200	3800	3800	3800	3800		3800	3800	500	1900000		
EXC	SHI	HSX	2016/04/21	20160421				10800	11500	10100	10900	11100	10800		10930	10900	1099800	12020600000		
EXC	SHP	HSX	2016/04/21	20160421				18500	19700	17300	18300	18300	18200		18220	18200	5870	106930000		
EXC	SII	HSX	2016/04/21	20160421				22300	23800	20800	23400	23400	22300		23030	22300	30	690000		
EXC	SJD	HSX	2016/04/21	20160421				24900	26600	23200	24400	25000	24400		24750	24500	15070	373050000		
EXC	SJS	HSX	2016/04/21	20160421				20300	21700	18900	20300	20300	19900		20080	20300	88180	1770960000		
EXC	SKG	HSX	2016/04/21	20160421				126000	134000	118000	126000	127000	126000		126090	126000	24380	3074080000		
EXC	SMA	HSX	2016/04/21	20160421				5300	5600	5000	5100	5200	5100		5180	5200	36210	187400000		
EXC	SMC	HSX	2016/04/21	20160421				10500	11200	9800	10500	10500	10500		10500	10500	5000	52500000		
EXC	SPM	HSX	2016/04/21	20160421				18900	20200	17600	19400	19400	18900		18900	18900	1010	19090000		
EXC	SRC	HSX	2016/04/21	20160421				32100	34300	29900	32200	32500	32000		32140	32500	74720	2401150000		
EXC	SRF	HSX	2016/04/21	20160421				17700	18900	16500	17500	18200	17500		17850	18200	4970	88700000		
EXC	SSC	HSX	2016/04/21	20160421				46000	49200	42800	0	0	0		0	0	0	0		
EXC	SSI	HSX	2016/04/21	20160421				21200	22600	19800	21500	21500	21100		21240	21200	1740550	36973810000		
EXC	ST8	HSX	2016/04/21	20160421				23600	25200	22000	23600	23600	23400		23520	23500	12330	289950000		
EXC	STB	HSX	2016/04/21	20160421				10000	10700	9300	9900	10400	9900		10090	10200	2322450	23439250000		
EXC	STG	HSX	2016/04/21	20160421				14900	15900	13900	15000	15000	14900		15000	15000	1760	26400000		
EXC	STK	HSX	2016/04/21	20160421				27900	29800	26000	27800	28000	27800		27900	28000	27700	772800000		
EXC	STT	HSX	2016/04/21	20160421				4900	5200	4600	4900	5200	4900		5120	5200	300	1540000		
EXC	SVC	HSX	2016/04/21	20160421				32000	34200	29800	32000	32600	31900		32150	32600	59260	1905130000		
EXC	SVI	HSX	2016/04/21	20160421				38300	40900	35700	36100	36300	36100		36100	36300	710	25630000		
EXC	SVT	HSX	2016/04/21	20160421				12600	13400	11800	0	0	0		0	0	0	0		
EXC	SZL	HSX	2016/04/21	20160421				20500	21900	19100	21500	21500	20100		20860	20900	4150	86550000		
EXC	TAC	HSX	2016/04/21	20160421				51000	54500	47500	51000	51000	48000		48500	48000	80	3880000		
EXC	TBC	HSX	2016/04/21	20160421				25000	26700	23300	24500	24500	24500		24500	24500	30	740000		
EXC	TCL	HSX	2016/04/21	20160421				28900	30900	26900	28800	29000	28500		28710	28700	5690	163350000		
EXC	TCM	HSX	2016/04/21	20160421				24900	26600	23200	24900	25400	24900		25130	25200	244110	6134660000		
EXC	TCO	HSX	2016/04/21	20160421				11500	11000	9600	10600	10600	10200		10400	10400	1330	13830000		
EXC	TCR	HSX	2016/04/21	20160421				9300	9900	8700	8700	9000	8700		8700	8700	124520	1083690000		
EXC	TCT	HSX	2016/04/21	20160421				57000	60500	53500	55000	58500	55000		57040	56500	27530	1570450000		
EXC	TDC	HSX	2016/04/21	20160421				7100	7500	6700	6900	6900	6700		6810	6800	433450	2949690000		
EXC	TDH	HSX	2016/04/21	20160421				13600	14500	12700	13500	14100	13300		13720	13900	163030	2236190000		
EXC	TDW	HSX	2016/04/21	20160421				26000	27800	24200	27400	27500	27200		27250	27500	290	7900000		
EXC	THG	HSX	2016/04/21	20160421				42000	44900	39100	43000	43000	42000		42030	42200	4310	181160000		
EXC	TIC	HSX	2016/04/21	20160421				11200	11900	10500	11200	11200	11200		11200	11200	5490	61490000		
EXC	TIE	HSX	2016/04/21	20160421				14700	15700	13700	14000	15400	14000		14240	14100	42440	604260000		
EXC	TIX	HSX	2016/04/21	20160421				25500	27200	23800	0	0	0		0	0	0	0		
EXC	TLG	HSX	2016/04/21	20160421				66500	71000	62000	65500	67500	65500		66870	66500	2950	197270000		
EXC	TLH	HSX	2016/04/21	20160421				7500	8000	7000	7600	7800	7500		7560	7600	657400	4972390000		
EXC	TMP	HSX	2016/04/21	20160421				28000	29900	26100	28100	28100	28000		28010	28000	1210	33890000		
EXC	TMS	HSX	2016/04/21	20160421				67000	71500	62500	67000	67000	65000		66080	67000	5320	351540000		
EXC	TMT	HSX	2016/04/21	20160421				40000	42800	37200	37900	38900	37200		37560	38000	284870	10700190000		
EXC	TNA	HSX	2016/04/21	20160421				53000	56500	49300	53000	56000	53000		54980	54000	34020	1870580000		
EXC	TNC	HSX	2016/04/21	20160421				9000	9600	8400	8900	9000	8900		8950	9000	20	180000		
EXC	TNT	HSX	2016/04/21	20160421				23400	25000	21800	23400	23500	23200		23260	23200	236550	5501570000		
EXC	TPC	HSX	2016/04/21	20160421				7300	7800	6800	0	0	0		0	0	0	0		
EXC	TRA	HSX	2016/04/21	20160421				110000	117000	103000	113000	113000	110000		111070	113000	1620	179940000		
EXC	TRC	HSX	2016/04/21	20160421				23600	25200	22000	23600	24400	23600		24110	24300	111310	2683840000		
EXC	TS4	HSX	2016/04/21	20160421				7800	8300	7300	7800	7800	7800		7800	7800	5500	42900000		
EXC	TSC	HSX	2016/04/21	20160421				8700	9300	8100	8700	8700	8500		8610	8500	1591520	13703050000		
EXC	TTF	HSX	2016/04/21	20160421				29000	31000	27000	29000	29000	27600		28250	28000	344300	9727890000		
EXC	TV1	HSX	2016/04/21	20160421				13200	14100	12300	13100	13200	13100		13100	13200	1510	19780000		
EXC	TVS	HSX	2016/04/21	20160421				13100	14000	12200	13100	13200	13100		13110	13200	61300	803560000		
EXC	TYA	HSX	2016/04/21	20160421				12300	13100	11500	12800	12800	12500		12690	12800	48100	610570000		
EXC	UDC	HSX	2016/04/21	20160421				3200	3400	3000	3100	3300	3100		3220	3300	15020	48360000		
EXC	UIC	HSX	2016/04/21	20160421				23000	24600	21400	22600	22700	22500		22500	22700	25580	575580000		
EXC	VAF	HSX	2016/04/21	20160421				17600	18800	16400	17700	17700	17300		17300	17300	15860	274420000		
EXC	VCB	HSX	2016/04/21	20160421				42800	45700	39900	42800	43200	42600		42970	42900	818280	35160300000		
EXC	VCF	HSX	2016/04/21	20160421				176000	188000	164000	168000	168000	168000		168000	168000	40	6720000		
EXC	VFG	HSX	2016/04/21	20160421				67500	72000	63000	67500	67500	64500		65630	64500	31720	2081750000		
EXC	VHC	HSX	2016/04/21	20160421				29200	31200	27200	29300	29600	29000		29460	29000	47080	1387040000		
EXC	VHG	HSX	2016/04/21	20160421				5500	5800	5200	5600	5700	5500		5590	5500	2455860	13716840000		
EXC	VIC	HSX	2016/04/21	20160421				50500	54000	47000	51500	52500	50500		51590	51500	1196330	61722130000		
EXC	VID	HSX	2016/04/21	20160421				4400	4700	4100	4100	4400	4100		4130	4400	590	2430000		
EXC	VIP	HSX	2016/04/21	20160421				9200	9800	8600	9100	9500	9100		9290	9300	445370	4138240000		
EXC	VIS	HSX	2016/04/21	20160421				8000	8500	7500	8000	8100	7900		7980	8000	519820	4149730000		
EXC	VLF	HSX	2016/04/21	20160421				1200	1300	1100	1200	1200	1100		1100	1100	3510	3870000		
EXC	VMD	HSX	2016/04/21	20160421				29600	31600	27600	29000	29200	29000		29000	29000	80290	2328410000		
EXC	VNA	HSX	2016/04/21	20160421				2400	2500	2300	2300	2400	2300		2350	2400	20	50000		
EXC	VNE	HSX	2016/04/21	20160421				9600	10200	9000	9600	10200	9600		10030	10200	1147380	11505110000		
EXC	VNG	HSX	2016/04/21	20160421				11700	12500	10900	11600	11800	11600		11720	11800	31450	368600000		
EXC	VNH	HSX	2016/04/21	20160421				1200	1300	1100	1100	1200	1100		1170	1200	80880	94540000		
EXC	VNL	HSX	2016/04/21	20160421				26700	28500	24900	26500	26500	26500		26500	26500	50	1330000		
EXC	VNM	HSX	2016/04/21	20160421				136000	145000	127000	137000	138000	135000		136400	137000	748780	102136410000		
EXC	VNS	HSX	2016/04/21	20160421				27900	29800	26000	28200	29200	28200		28820	28500	409740	11809870000		
EXC	VOS	HSX	2016/04/21	20160421				2300	2400	2200	2300	2400	2200		2300	2300	82430	189630000		
EXC	VPH	HSX	2016/04/21	20160421				11000	11700	10300	11400	11400	11000		11190	11300	242050	2707870000		
EXC	VPK	HSX	2016/04/21	20160421				21700	23200	20200	21500	21500	20200		20270	21400	2280	46220000		
EXC	VPS	HSX	2016/04/21	20160421				21500	23000	20000	20500	21200	20200		20490	21200	1610	32980000		
EXC	VRC	HSX	2016/04/21	20160421				6200	6600	5800	6500	6500	6500		6500	6500	10	70000		
EXC	VSC	HSX	2016/04/21	20160421				57500	61500	53500	57000	58000	57000		57520	57500	26330	1514400000		
EXC	VSH	HSX	2016/04/21	20160421				14800	15800	13800	14800	14800	14500		14740	14800	10010	147580000		
EXC	VSI	HSX	2016/04/21	20160421				14700	15700	13700	14700	14700	14000		14260	14000	57750	823350000		
EXC	VTB	HSX	2016/04/21	20160421				13800	14700	12900	13800	14500	12900		13480	13800	3190	43000000		
EXC	VTO	HSX	2016/04/21	20160421				6500	6900	6100	6500	6600	6500		6600	6500	84130	554850000		
